<NUMBER OF ZONES> 36
<NUMBER OF NODES> 398
<FIRST THRU NODE> 37
<NUMBER OF LINKS> 851
<NUMBER OF NEW LINKS> 20
<END OF METADATA>


~	Init node	Term node	Capacity	Length	Free Flow Time	B	Power	Speed limit	Toll	Type	Cost	;
1	303	999999.0000000000	0.0000000000	0.0000000000	0.0000000000	4.000000	0.000000	0.000000	0	0
1	306	999999.0000000000	0.0000000000	0.0000000000	0.0000000000	4.000000	0.000000	0.000000	0	0
1	307	999999.0000000000	0.0000000000	0.0000000000	0.0000000000	4.000000	0.000000	0.000000	0	0
2	253	999999.0000000000	0.0000000000	0.0000000000	0.0000000000	4.000000	0.000000	0.000000	0	0
2	255	999999.0000000000	0.0000000000	0.0000000000	0.0000000000	4.000000	0.000000	0.000000	0	0
2	256	999999.0000000000	0.0000000000	0.0000000000	0.0000000000	4.000000	0.000000	0.000000	0	0
2	272	999999.0000000000	0.0000000000	0.0000000000	0.0000000000	4.000000	0.000000	0.000000	0	0
3	258	999999.0000000000	0.0000000000	0.0000000000	0.0000000000	4.000000	0.000000	0.000000	0	0
3	259	999999.0000000000	0.0000000000	0.0000000000	0.0000000000	4.000000	0.000000	0.000000	0	0
3	260	999999.0000000000	0.0000000000	0.0000000000	0.0000000000	4.000000	0.000000	0.000000	0	0
3	261	999999.0000000000	0.0000000000	0.0000000000	0.0000000000	4.000000	0.000000	0.000000	0	0
4	226	999999.0000000000	0.0000000000	0.0000000000	0.0000000000	4.000000	0.000000	0.000000	0	0
4	231	999999.0000000000	0.0000000000	0.0000000000	0.0000000000	4.000000	0.000000	0.000000	0	0
4	232	999999.0000000000	0.0000000000	0.0000000000	0.0000000000	4.000000	0.000000	0.000000	0	0
4	263	999999.0000000000	0.0000000000	0.0000000000	0.0000000000	4.000000	0.000000	0.000000	0	0
5	254	999999.0000000000	0.0000000000	0.0000000000	0.0000000000	4.000000	0.000000	0.000000	0	0
5	255	999999.0000000000	0.0000000000	0.0000000000	0.0000000000	4.000000	0.000000	0.000000	0	0
5	352	999999.0000000000	0.0000000000	0.0000000000	0.0000000000	4.000000	0.000000	0.000000	0	0
5	353	999999.0000000000	0.0000000000	0.0000000000	0.0000000000	4.000000	0.000000	0.000000	0	0
6	196	999999.0000000000	0.0000000000	0.0000000000	0.0000000000	4.000000	0.000000	0.000000	0	0
6	223	999999.0000000000	0.0000000000	0.0000000000	0.0000000000	4.000000	0.000000	0.000000	0	0
6	264	999999.0000000000	0.0000000000	0.0000000000	0.0000000000	4.000000	0.000000	0.000000	0	0
6	295	999999.0000000000	0.0000000000	0.0000000000	0.0000000000	4.000000	0.000000	0.000000	0	0
7	50	999999.0000000000	0.0000000000	0.0000000000	0.0000000000	4.000000	0.000000	0.000000	0	0
7	55	999999.0000000000	0.0000000000	0.0000000000	0.0000000000	4.000000	0.000000	0.000000	0	0
7	59	999999.0000000000	0.0000000000	0.0000000000	0.0000000000	4.000000	0.000000	0.000000	0	0
8	359	999999.0000000000	0.0000000000	0.0000000000	0.0000000000	4.000000	0.000000	0.000000	0	0
8	360	999999.0000000000	0.0000000000	0.0000000000	0.0000000000	4.000000	0.000000	0.000000	0	0
8	361	999999.0000000000	0.0000000000	0.0000000000	0.0000000000	4.000000	0.000000	0.000000	0	0
8	364	999999.0000000000	0.0000000000	0.0000000000	0.0000000000	4.000000	0.000000	0.000000	0	0
9	158	999999.0000000000	0.0000000000	0.0000000000	0.0000000000	4.000000	0.000000	0.000000	0	0
9	168	999999.0000000000	0.0000000000	0.0000000000	0.0000000000	4.000000	0.000000	0.000000	0	0
9	176	999999.0000000000	0.0000000000	0.0000000000	0.0000000000	4.000000	0.000000	0.000000	0	0
9	362	999999.0000000000	0.0000000000	0.0000000000	0.0000000000	4.000000	0.000000	0.000000	0	0
10	140	999999.0000000000	0.0000000000	0.0000000000	0.0000000000	4.000000	0.000000	0.000000	0	0
10	142	999999.0000000000	0.0000000000	0.0000000000	0.0000000000	4.000000	0.000000	0.000000	0	0
10	144	999999.0000000000	0.0000000000	0.0000000000	0.0000000000	4.000000	0.000000	0.000000	0	0
10	146	999999.0000000000	0.0000000000	0.0000000000	0.0000000000	4.000000	0.000000	0.000000	0	0
11	63	999999.0000000000	0.0000000000	0.0000000000	0.0000000000	4.000000	0.000000	0.000000	0	0
11	275	999999.0000000000	0.0000000000	0.0000000000	0.0000000000	4.000000	0.000000	0.000000	0	0
11	279	999999.0000000000	0.0000000000	0.0000000000	0.0000000000	4.000000	0.000000	0.000000	0	0
11	283	999999.0000000000	0.0000000000	0.0000000000	0.0000000000	4.000000	0.000000	0.000000	0	0
12	112	999999.0000000000	0.0000000000	0.0000000000	0.0000000000	4.000000	0.000000	0.000000	0	0
12	114	999999.0000000000	0.0000000000	0.0000000000	0.0000000000	4.000000	0.000000	0.000000	0	0
12	121	999999.0000000000	0.0000000000	0.0000000000	0.0000000000	4.000000	0.000000	0.000000	0	0
13	166	999999.0000000000	0.0000000000	0.0000000000	0.0000000000	4.000000	0.000000	0.000000	0	0
13	201	999999.0000000000	0.0000000000	0.0000000000	0.0000000000	4.000000	0.000000	0.000000	0	0
13	203	999999.0000000000	0.0000000000	0.0000000000	0.0000000000	4.000000	0.000000	0.000000	0	0
13	398	999999.0000000000	0.0000000000	0.0000000000	0.0000000000	4.000000	0.000000	0.000000	0	0
14	128	999999.0000000000	0.0000000000	0.0000000000	0.0000000000	4.000000	0.000000	0.000000	0	0
14	129	999999.0000000000	0.0000000000	0.0000000000	0.0000000000	4.000000	0.000000	0.000000	0	0
14	130	999999.0000000000	0.0000000000	0.0000000000	0.0000000000	4.000000	0.000000	0.000000	0	0
14	133	999999.0000000000	0.0000000000	0.0000000000	0.0000000000	4.000000	0.000000	0.000000	0	0
15	165	999999.0000000000	0.0000000000	0.0000000000	0.0000000000	4.000000	0.000000	0.000000	0	0
15	175	999999.0000000000	0.0000000000	0.0000000000	0.0000000000	4.000000	0.000000	0.000000	0	0
15	177	999999.0000000000	0.0000000000	0.0000000000	0.0000000000	4.000000	0.000000	0.000000	0	0
15	191	999999.0000000000	0.0000000000	0.0000000000	0.0000000000	4.000000	0.000000	0.000000	0	0
16	75	999999.0000000000	0.0000000000	0.0000000000	0.0000000000	4.000000	0.000000	0.000000	0	0
16	241	999999.0000000000	0.0000000000	0.0000000000	0.0000000000	4.000000	0.000000	0.000000	0	0
16	246	999999.0000000000	0.0000000000	0.0000000000	0.0000000000	4.000000	0.000000	0.000000	0	0
16	317	999999.0000000000	0.0000000000	0.0000000000	0.0000000000	4.000000	0.000000	0.000000	0	0
17	70	999999.0000000000	0.0000000000	0.0000000000	0.0000000000	4.000000	0.000000	0.000000	0	0
17	251	999999.0000000000	0.0000000000	0.0000000000	0.0000000000	4.000000	0.000000	0.000000	0	0
17	270	999999.0000000000	0.0000000000	0.0000000000	0.0000000000	4.000000	0.000000	0.000000	0	0
17	273	999999.0000000000	0.0000000000	0.0000000000	0.0000000000	4.000000	0.000000	0.000000	0	0
18	70	999999.0000000000	0.0000000000	0.0000000000	0.0000000000	4.000000	0.000000	0.000000	0	0
18	73	999999.0000000000	0.0000000000	0.0000000000	0.0000000000	4.000000	0.000000	0.000000	0	0
18	75	999999.0000000000	0.0000000000	0.0000000000	0.0000000000	4.000000	0.000000	0.000000	0	0
18	241	999999.0000000000	0.0000000000	0.0000000000	0.0000000000	4.000000	0.000000	0.000000	0	0
19	287	999999.0000000000	0.0000000000	0.0000000000	0.0000000000	4.000000	0.000000	0.000000	0	0
19	291	999999.0000000000	0.0000000000	0.0000000000	0.0000000000	4.000000	0.000000	0.000000	0	0
19	292	999999.0000000000	0.0000000000	0.0000000000	0.0000000000	4.000000	0.000000	0.000000	0	0
19	357	999999.0000000000	0.0000000000	0.0000000000	0.0000000000	4.000000	0.000000	0.000000	0	0
20	217	999999.0000000000	0.0000000000	0.0000000000	0.0000000000	4.000000	0.000000	0.000000	0	0
20	220	999999.0000000000	0.0000000000	0.0000000000	0.0000000000	4.000000	0.000000	0.000000	0	0
20	238	999999.0000000000	0.0000000000	0.0000000000	0.0000000000	4.000000	0.000000	0.000000	0	0
21	312	999999.0000000000	0.0000000000	0.0000000000	0.0000000000	4.000000	0.000000	0.000000	0	0
21	372	999999.0000000000	0.0000000000	0.0000000000	0.0000000000	4.000000	0.000000	0.000000	0	0
21	373	999999.0000000000	0.0000000000	0.0000000000	0.0000000000	4.000000	0.000000	0.000000	0	0
21	375	999999.0000000000	0.0000000000	0.0000000000	0.0000000000	4.000000	0.000000	0.000000	0	0
22	228	999999.0000000000	0.0000000000	0.0000000000	0.0000000000	4.000000	0.000000	0.000000	0	0
22	285	999999.0000000000	0.0000000000	0.0000000000	0.0000000000	4.000000	0.000000	0.000000	0	0
22	286	999999.0000000000	0.0000000000	0.0000000000	0.0000000000	4.000000	0.000000	0.000000	0	0
22	287	999999.0000000000	0.0000000000	0.0000000000	0.0000000000	4.000000	0.000000	0.000000	0	0
23	222	999999.0000000000	0.0000000000	0.0000000000	0.0000000000	4.000000	0.000000	0.000000	0	0
23	224	999999.0000000000	0.0000000000	0.0000000000	0.0000000000	4.000000	0.000000	0.000000	0	0
23	226	999999.0000000000	0.0000000000	0.0000000000	0.0000000000	4.000000	0.000000	0.000000	0	0
23	231	999999.0000000000	0.0000000000	0.0000000000	0.0000000000	4.000000	0.000000	0.000000	0	0
24	317	999999.0000000000	0.0000000000	0.0000000000	0.0000000000	4.000000	0.000000	0.000000	0	0
24	379	999999.0000000000	0.0000000000	0.0000000000	0.0000000000	4.000000	0.000000	0.000000	0	0
24	383	999999.0000000000	0.0000000000	0.0000000000	0.0000000000	4.000000	0.000000	0.000000	0	0
24	385	999999.0000000000	0.0000000000	0.0000000000	0.0000000000	4.000000	0.000000	0.000000	0	0
25	315	999999.0000000000	0.0000000000	0.0000000000	0.0000000000	4.000000	0.000000	0.000000	0	0
25	331	999999.0000000000	0.0000000000	0.0000000000	0.0000000000	4.000000	0.000000	0.000000	0	0
25	332	999999.0000000000	0.0000000000	0.0000000000	0.0000000000	4.000000	0.000000	0.000000	0	0
25	334	999999.0000000000	0.0000000000	0.0000000000	0.0000000000	4.000000	0.000000	0.000000	0	0
26	327	999999.0000000000	0.0000000000	0.0000000000	0.0000000000	4.000000	0.000000	0.000000	0	0
26	328	999999.0000000000	0.0000000000	0.0000000000	0.0000000000	4.000000	0.000000	0.000000	0	0
26	332	999999.0000000000	0.0000000000	0.0000000000	0.0000000000	4.000000	0.000000	0.000000	0	0
26	335	999999.0000000000	0.0000000000	0.0000000000	0.0000000000	4.000000	0.000000	0.000000	0	0
27	68	999999.0000000000	0.0000000000	0.0000000000	0.0000000000	4.000000	0.000000	0.000000	0	0
27	78	999999.0000000000	0.0000000000	0.0000000000	0.0000000000	4.000000	0.000000	0.000000	0	0
27	276	999999.0000000000	0.0000000000	0.0000000000	0.0000000000	4.000000	0.000000	0.000000	0	0
27	280	999999.0000000000	0.0000000000	0.0000000000	0.0000000000	4.000000	0.000000	0.000000	0	0
28	210	999999.0000000000	0.0000000000	0.0000000000	0.0000000000	4.000000	0.000000	0.000000	0	0
28	213	999999.0000000000	0.0000000000	0.0000000000	0.0000000000	4.000000	0.000000	0.000000	0	0
28	214	999999.0000000000	0.0000000000	0.0000000000	0.0000000000	4.000000	0.000000	0.000000	0	0
28	215	999999.0000000000	0.0000000000	0.0000000000	0.0000000000	4.000000	0.000000	0.000000	0	0
29	46	999999.0000000000	0.0000000000	0.0000000000	0.0000000000	4.000000	0.000000	0.000000	0	0
29	155	999999.0000000000	0.0000000000	0.0000000000	0.0000000000	4.000000	0.000000	0.000000	0	0
29	156	999999.0000000000	0.0000000000	0.0000000000	0.0000000000	4.000000	0.000000	0.000000	0	0
29	157	999999.0000000000	0.0000000000	0.0000000000	0.0000000000	4.000000	0.000000	0.000000	0	0
30	134	999999.0000000000	0.0000000000	0.0000000000	0.0000000000	4.000000	0.000000	0.000000	0	0
30	154	999999.0000000000	0.0000000000	0.0000000000	0.0000000000	4.000000	0.000000	0.000000	0	0
30	156	999999.0000000000	0.0000000000	0.0000000000	0.0000000000	4.000000	0.000000	0.000000	0	0
30	389	999999.0000000000	0.0000000000	0.0000000000	0.0000000000	4.000000	0.000000	0.000000	0	0
31	266	999999.0000000000	0.0000000000	0.0000000000	0.0000000000	4.000000	0.000000	0.000000	0	0
31	267	999999.0000000000	0.0000000000	0.0000000000	0.0000000000	4.000000	0.000000	0.000000	0	0
31	268	999999.0000000000	0.0000000000	0.0000000000	0.0000000000	4.000000	0.000000	0.000000	0	0
31	269	999999.0000000000	0.0000000000	0.0000000000	0.0000000000	4.000000	0.000000	0.000000	0	0
32	79	999999.0000000000	0.0000000000	0.0000000000	0.0000000000	4.000000	0.000000	0.000000	0	0
32	240	999999.0000000000	0.0000000000	0.0000000000	0.0000000000	4.000000	0.000000	0.000000	0	0
32	244	999999.0000000000	0.0000000000	0.0000000000	0.0000000000	4.000000	0.000000	0.000000	0	0
32	270	999999.0000000000	0.0000000000	0.0000000000	0.0000000000	4.000000	0.000000	0.000000	0	0
33	40	999999.0000000000	0.0000000000	0.0000000000	0.0000000000	4.000000	0.000000	0.000000	0	0
33	267	999999.0000000000	0.0000000000	0.0000000000	0.0000000000	4.000000	0.000000	0.000000	0	0
33	268	999999.0000000000	0.0000000000	0.0000000000	0.0000000000	4.000000	0.000000	0.000000	0	0
33	390	999999.0000000000	0.0000000000	0.0000000000	0.0000000000	4.000000	0.000000	0.000000	0	0
34	89	999999.0000000000	0.0000000000	0.0000000000	0.0000000000	4.000000	0.000000	0.000000	0	0
34	90	999999.0000000000	0.0000000000	0.0000000000	0.0000000000	4.000000	0.000000	0.000000	0	0
34	98	999999.0000000000	0.0000000000	0.0000000000	0.0000000000	4.000000	0.000000	0.000000	0	0
34	102	999999.0000000000	0.0000000000	0.0000000000	0.0000000000	4.000000	0.000000	0.000000	0	0
35	147	999999.0000000000	0.0000000000	0.0000000000	0.0000000000	4.000000	0.000000	0.000000	0	0
35	148	999999.0000000000	0.0000000000	0.0000000000	0.0000000000	4.000000	0.000000	0.000000	0	0
35	149	999999.0000000000	0.0000000000	0.0000000000	0.0000000000	4.000000	0.000000	0.000000	0	0
35	150	999999.0000000000	0.0000000000	0.0000000000	0.0000000000	4.000000	0.000000	0.000000	0	0
36	240	999999.0000000000	0.0000000000	0.0000000000	0.0000000000	4.000000	0.000000	0.000000	0	0
36	247	999999.0000000000	0.0000000000	0.0000000000	0.0000000000	4.000000	0.000000	0.000000	0	0
36	268	999999.0000000000	0.0000000000	0.0000000000	0.0000000000	4.000000	0.000000	0.000000	0	0
36	354	999999.0000000000	0.0000000000	0.0000000000	0.0000000000	4.000000	0.000000	0.000000	0	0
37	38	2400.0000000000	1.0000000000	0.3333330000	1.0000000000	4.000000	0.000000	0.000000	1	0
37	375	2400.0000000000	142.0000000000	4.6666670000	1.0000000000	4.000000	0.000000	0.000000	1	0
38	37	2400.0000000000	1.0000000000	0.3333330000	1.0000000000	4.000000	0.000000	0.000000	1	0
40	33	999999.0000000000	0.0000000000	0.0000000000	0.0000000000	4.000000	0.000000	0.000000	0	0
40	390	2400.0000000000	24.0000000000	0.6666670000	1.0000000000	4.000000	0.000000	0.000000	1	0
41	101	600.0000000000	315.0000000000	8.0000000000	1.0000000000	4.000000	0.000000	0.000000	1	0
41	113	600.0000000000	240.0000000000	6.0000000000	1.0000000000	4.000000	0.000000	0.000000	1	0
42	41	600.0000000000	196.0000000000	5.0000000000	1.0000000000	4.000000	0.000000	0.000000	1	0
44	46	2800.0000000000	44.0000000000	1.3333330000	1.0000000000	4.000000	0.000000	0.000000	1	0
44	47	2800.0000000000	320.0000000000	18.3333330000	1.0000000000	4.000000	0.000000	0.000000	1	0
45	46	2800.0000000000	321.0000000000	19.3333330000	1.0000000000	4.000000	0.000000	0.000000	1	0
45	47	2800.0000000000	39.0000000000	1.3333330000	1.0000000000	4.000000	0.000000	0.000000	1	0
46	29	999999.0000000000	0.0000000000	0.0000000000	0.0000000000	4.000000	0.000000	0.000000	0	0
46	49	2800.0000000000	35.0000000000	1.3333330000	1.0000000000	4.000000	0.000000	0.000000	1	0
46	212	2800.0000000000	82.0000000000	2.0000000000	1.0000000000	4.000000	0.000000	0.000000	1	0
47	66	2800.0000000000	23.0000000000	0.6666670000	1.0000000000	4.000000	0.000000	0.000000	1	0
48	44	2800.0000000000	37.0000000000	1.6666670000	1.0000000000	4.000000	0.000000	0.000000	1	0
49	157	2400.0000000000	251.0000000000	6.3333330000	1.0000000000	4.000000	0.000000	0.000000	1	0
50	7	999999.0000000000	0.0000000000	0.0000000000	0.0000000000	4.000000	0.000000	0.000000	0	0
50	51	2800.0000000000	126.0000000000	9.0000000000	1.0000000000	4.000000	0.000000	0.000000	1	0
51	58	2800.0000000000	51.0000000000	1.6666670000	1.0000000000	4.000000	0.000000	0.000000	1	0
51	196	2400.0000000000	194.0000000000	9.3333330000	1.0000000000	4.000000	0.000000	0.000000	1	0
52	54	2800.0000000000	92.0000000000	7.6666670000	1.0000000000	4.000000	0.000000	0.000000	1	0
52	163	900.0000000000	125.0000000000	4.6666670000	1.0000000000	4.000000	0.000000	0.000000	1	0
54	51	2800.0000000000	30.0000000000	1.6666670000	1.0000000000	4.000000	0.000000	0.000000	1	0
54	55	2800.0000000000	103.0000000000	3.6666670000	1.0000000000	4.000000	0.000000	0.000000	1	0
54	163	900.0000000000	105.0000000000	3.0000000000	1.0000000000	4.000000	0.000000	0.000000	1	0
55	7	999999.0000000000	0.0000000000	0.0000000000	0.0000000000	4.000000	0.000000	0.000000	0	0
55	59	2800.0000000000	139.0000000000	3.3333330000	1.0000000000	4.000000	0.000000	0.000000	1	0
56	53	2800.0000000000	46.0000000000	1.0000000000	1.0000000000	4.000000	0.000000	0.000000	1	0
57	64	2800.0000000000	272.0000000000	9.6666670000	1.0000000000	4.000000	0.000000	0.000000	1	0
58	57	2800.0000000000	64.0000000000	1.6666670000	1.0000000000	4.000000	0.000000	0.000000	1	0
59	7	999999.0000000000	0.0000000000	0.0000000000	0.0000000000	4.000000	0.000000	0.000000	0	0
59	60	2800.0000000000	48.0000000000	1.0000000000	1.0000000000	4.000000	0.000000	0.000000	1	0
60	61	2800.0000000000	56.0000000000	1.3333330000	1.0000000000	4.000000	0.000000	0.000000	1	0
60	394	2800.0000000000	161.0000000000	3.6666670000	1.0000000000	4.000000	0.000000	0.000000	1	0
61	172	600.0000000000	140.0000000000	4.0000000000	1.0000000000	4.000000	0.000000	0.000000	1	0
61	393	2800.0000000000	106.0000000000	2.6666670000	1.0000000000	4.000000	0.000000	0.000000	1	0
62	56	2800.0000000000	132.0000000000	2.6666670000	1.0000000000	4.000000	0.000000	0.000000	1	0
63	11	999999.0000000000	0.0000000000	0.0000000000	0.0000000000	4.000000	0.000000	0.000000	0	0
63	52	2800.0000000000	301.0000000000	12.0000000000	1.0000000000	4.000000	0.000000	0.000000	1	0
63	64	2800.0000000000	23.0000000000	0.6666670000	1.0000000000	4.000000	0.000000	0.000000	1	0
63	348	900.0000000000	90.0000000000	2.6666670000	1.0000000000	4.000000	0.000000	0.000000	1	0
64	65	2800.0000000000	16.0000000000	0.6666670000	1.0000000000	4.000000	0.000000	0.000000	1	0
64	279	900.0000000000	339.0000000000	8.6666670000	1.0000000000	4.000000	0.000000	0.000000	1	0
65	63	2800.0000000000	19.0000000000	1.3333330000	1.0000000000	4.000000	0.000000	0.000000	1	0
65	351	2800.0000000000	115.0000000000	3.3333330000	1.0000000000	4.000000	0.000000	0.000000	1	0
66	67	2800.0000000000	36.0000000000	1.6666670000	1.0000000000	4.000000	0.000000	0.000000	1	0
66	193	2400.0000000000	280.0000000000	8.6666670000	1.0000000000	4.000000	0.000000	0.000000	1	0
67	369	2800.0000000000	43.0000000000	1.0000000000	1.0000000000	4.000000	0.000000	0.000000	1	0
68	27	999999.0000000000	0.0000000000	0.0000000000	0.0000000000	4.000000	0.000000	0.000000	0	0
68	100	600.0000000000	262.0000000000	10.6666670000	1.0000000000	4.000000	0.000000	0.000000	1	0
69	314	2800.0000000000	133.0000000000	8.0000000000	1.0000000000	4.000000	0.000000	0.000000	1	0
70	17	999999.0000000000	0.0000000000	0.0000000000	0.0000000000	4.000000	0.000000	0.000000	0	0
70	18	999999.0000000000	0.0000000000	0.0000000000	0.0000000000	4.000000	0.000000	0.000000	0	0
70	73	900.0000000000	103.0000000000	4.0000000000	1.0000000000	4.000000	0.000000	0.000000	1	0
70	245	900.0000000000	77.0000000000	2.0000000000	1.0000000000	4.000000	0.000000	0.000000	1	0
71	243	900.0000000000	189.0000000000	5.0000000000	1.0000000000	4.000000	0.000000	0.000000	1	0
72	39	900.0000000000	304.0000000000	7.3333330000	1.0000000000	4.000000	0.000000	0.000000	1	0
73	18	999999.0000000000	0.0000000000	0.0000000000	0.0000000000	4.000000	0.000000	0.000000	0	0
73	75	900.0000000000	348.0000000000	14.6666670000	1.0000000000	4.000000	0.000000	0.000000	1	0
74	96	2400.0000000000	568.0000000000	30.3333330000	1.0000000000	4.000000	0.000000	0.000000	1	0
75	18	999999.0000000000	0.0000000000	0.0000000000	0.0000000000	4.000000	0.000000	0.000000	0	0
75	70	900.0000000000	451.0000000000	11.3333330000	1.0000000000	4.000000	0.000000	0.000000	1	0
75	317	900.0000000000	445.0000000000	11.0000000000	1.0000000000	4.000000	0.000000	0.000000	1	0
76	79	900.0000000000	178.0000000000	15.3333330000	1.0000000000	4.000000	0.000000	0.000000	1	0
77	69	2800.0000000000	137.0000000000	7.0000000000	1.0000000000	4.000000	0.000000	0.000000	1	0
78	27	999999.0000000000	0.0000000000	0.0000000000	0.0000000000	4.000000	0.000000	0.000000	0	0
78	68	600.0000000000	253.0000000000	7.0000000000	1.0000000000	4.000000	0.000000	0.000000	1	0
78	104	600.0000000000	236.0000000000	6.0000000000	1.0000000000	4.000000	0.000000	0.000000	1	0
78	280	600.0000000000	85.0000000000	2.6666670000	1.0000000000	4.000000	0.000000	0.000000	1	0
79	32	999999.0000000000	0.0000000000	0.0000000000	0.0000000000	4.000000	0.000000	0.000000	0	0
79	81	2400.0000000000	90.0000000000	6.6666670000	1.0000000000	4.000000	0.000000	0.000000	1	0
79	251	900.0000000000	463.0000000000	14.0000000000	1.0000000000	4.000000	0.000000	0.000000	1	0
79	273	2400.0000000000	285.0000000000	12.0000000000	1.0000000000	4.000000	0.000000	0.000000	1	0
79	352	2400.0000000000	310.0000000000	10.0000000000	1.0000000000	4.000000	0.000000	0.000000	1	0
80	76	900.0000000000	457.0000000000	14.6666670000	1.0000000000	4.000000	0.000000	0.000000	1	0
80	82	900.0000000000	34.0000000000	1.3333330000	1.0000000000	4.000000	0.000000	0.000000	1	0
80	243	900.0000000000	66.0000000000	3.0000000000	1.0000000000	4.000000	0.000000	0.000000	1	0
81	74	2400.0000000000	277.0000000000	18.3333330000	1.0000000000	4.000000	0.000000	0.000000	1	0
81	255	900.0000000000	188.0000000000	6.6666670000	1.0000000000	4.000000	0.000000	0.000000	1	0
82	80	900.0000000000	34.0000000000	1.0000000000	1.0000000000	4.000000	0.000000	0.000000	1	0
82	229	900.0000000000	43.0000000000	1.3333330000	1.0000000000	4.000000	0.000000	0.000000	1	0
83	97	2400.0000000000	65.0000000000	1.3333330000	1.0000000000	4.000000	0.000000	0.000000	1	0
83	100	2400.0000000000	96.0000000000	12.3333330000	1.0000000000	4.000000	0.000000	0.000000	1	0
83	344	600.0000000000	198.0000000000	15.3333330000	1.0000000000	4.000000	0.000000	0.000000	1	0
84	85	2400.0000000000	132.0000000000	9.6666670000	1.0000000000	4.000000	0.000000	0.000000	1	0
85	87	2400.0000000000	197.0000000000	15.3333330000	1.0000000000	4.000000	0.000000	0.000000	1	0
85	91	2400.0000000000	31.0000000000	1.3333330000	1.0000000000	4.000000	0.000000	0.000000	1	0
85	252	2400.0000000000	301.0000000000	6.3333330000	1.0000000000	4.000000	0.000000	0.000000	1	0
86	87	600.0000000000	31.0000000000	1.3333330000	1.0000000000	4.000000	0.000000	0.000000	1	0
86	91	2400.0000000000	198.0000000000	10.6666670000	1.0000000000	4.000000	0.000000	0.000000	1	0
86	344	600.0000000000	137.0000000000	15.3333330000	1.0000000000	4.000000	0.000000	0.000000	1	0
87	86	600.0000000000	31.0000000000	1.3333330000	1.0000000000	4.000000	0.000000	0.000000	1	0
87	108	600.0000000000	174.0000000000	6.6666670000	1.0000000000	4.000000	0.000000	0.000000	1	0
87	384	2400.0000000000	216.0000000000	6.6666670000	1.0000000000	4.000000	0.000000	0.000000	1	0
88	85	2400.0000000000	100.0000000000	4.3333330000	1.0000000000	4.000000	0.000000	0.000000	1	0
89	34	999999.0000000000	0.0000000000	0.0000000000	0.0000000000	4.000000	0.000000	0.000000	0	0
89	104	2400.0000000000	86.0000000000	2.6666670000	1.0000000000	4.000000	0.000000	0.000000	1	0
90	94	2400.0000000000	165.0000000000	10.3333330000	1.0000000000	4.000000	0.000000	0.000000	1	0
91	83	2400.0000000000	137.0000000000	8.6666670000	1.0000000000	4.000000	0.000000	0.000000	1	0
91	85	2400.0000000000	31.0000000000	0.6666670000	1.0000000000	4.000000	0.000000	0.000000	1	0
91	92	2400.0000000000	128.0000000000	4.6666670000	1.0000000000	4.000000	0.000000	0.000000	1	0
92	95	2400.0000000000	132.0000000000	8.3333330000	1.0000000000	4.000000	0.000000	0.000000	1	0
93	86	2400.0000000000	131.0000000000	13.3333330000	1.0000000000	4.000000	0.000000	0.000000	1	0
94	84	2400.0000000000	128.0000000000	4.0000000000	1.0000000000	4.000000	0.000000	0.000000	1	0
94	95	900.0000000000	38.0000000000	1.6666670000	1.0000000000	4.000000	0.000000	0.000000	1	0
94	98	900.0000000000	192.0000000000	9.6666670000	1.0000000000	4.000000	0.000000	0.000000	1	0
95	89	2400.0000000000	165.0000000000	5.0000000000	1.0000000000	4.000000	0.000000	0.000000	1	0
95	94	900.0000000000	38.0000000000	2.0000000000	1.0000000000	4.000000	0.000000	0.000000	1	0
96	88	2400.0000000000	75.0000000000	4.0000000000	1.0000000000	4.000000	0.000000	0.000000	1	0
97	91	2400.0000000000	72.0000000000	1.6666670000	1.0000000000	4.000000	0.000000	0.000000	1	0
98	34	999999.0000000000	0.0000000000	0.0000000000	0.0000000000	4.000000	0.000000	0.000000	0	0
98	250	900.0000000000	342.0000000000	17.3333330000	1.0000000000	4.000000	0.000000	0.000000	1	0
99	100	2400.0000000000	102.0000000000	2.0000000000	1.0000000000	4.000000	0.000000	0.000000	1	0
100	83	2400.0000000000	96.0000000000	2.0000000000	1.0000000000	4.000000	0.000000	0.000000	1	0
100	106	600.0000000000	130.0000000000	4.3333330000	1.0000000000	4.000000	0.000000	0.000000	1	0
100	320	2400.0000000000	392.0000000000	19.0000000000	1.0000000000	4.000000	0.000000	0.000000	1	0
100	343	600.0000000000	201.0000000000	9.0000000000	1.0000000000	4.000000	0.000000	0.000000	1	0
101	103	600.0000000000	213.0000000000	15.0000000000	1.0000000000	4.000000	0.000000	0.000000	1	0
101	392	600.0000000000	122.0000000000	3.0000000000	1.0000000000	4.000000	0.000000	0.000000	1	0
102	34	999999.0000000000	0.0000000000	0.0000000000	0.0000000000	4.000000	0.000000	0.000000	0	0
102	94	900.0000000000	297.0000000000	19.0000000000	1.0000000000	4.000000	0.000000	0.000000	1	0
103	101	600.0000000000	213.0000000000	5.3333330000	1.0000000000	4.000000	0.000000	0.000000	1	0
103	117	900.0000000000	38.0000000000	1.6666670000	1.0000000000	4.000000	0.000000	0.000000	1	0
103	137	900.0000000000	78.0000000000	2.3333330000	1.0000000000	4.000000	0.000000	0.000000	1	0
104	281	2400.0000000000	196.0000000000	9.0000000000	1.0000000000	4.000000	0.000000	0.000000	1	0
105	78	600.0000000000	202.0000000000	5.0000000000	1.0000000000	4.000000	0.000000	0.000000	1	0
106	78	600.0000000000	385.0000000000	11.0000000000	1.0000000000	4.000000	0.000000	0.000000	1	0
107	87	600.0000000000	100.0000000000	2.3333330000	1.0000000000	4.000000	0.000000	0.000000	1	0
108	107	600.0000000000	74.0000000000	2.0000000000	1.0000000000	4.000000	0.000000	0.000000	1	0
108	385	600.0000000000	124.0000000000	3.6666670000	1.0000000000	4.000000	0.000000	0.000000	1	0
109	90	2400.0000000000	83.0000000000	2.0000000000	1.0000000000	4.000000	0.000000	0.000000	1	0
110	118	900.0000000000	106.0000000000	3.6666670000	1.0000000000	4.000000	0.000000	0.000000	1	0
111	110	900.0000000000	150.0000000000	5.3333330000	1.0000000000	4.000000	0.000000	0.000000	1	0
111	119	900.0000000000	51.0000000000	1.3333330000	1.0000000000	4.000000	0.000000	0.000000	1	0
111	396	900.0000000000	291.0000000000	8.6666670000	1.0000000000	4.000000	0.000000	0.000000	1	0
112	12	999999.0000000000	0.0000000000	0.0000000000	0.0000000000	4.000000	0.000000	0.000000	0	0
112	113	900.0000000000	178.0000000000	4.3333330000	1.0000000000	4.000000	0.000000	0.000000	1	0
113	42	600.0000000000	44.0000000000	1.0000000000	1.0000000000	4.000000	0.000000	0.000000	1	0
113	114	900.0000000000	202.0000000000	8.3333330000	1.0000000000	4.000000	0.000000	0.000000	1	0
113	125	900.0000000000	128.0000000000	4.0000000000	1.0000000000	4.000000	0.000000	0.000000	1	0
114	12	999999.0000000000	0.0000000000	0.0000000000	0.0000000000	4.000000	0.000000	0.000000	0	0
114	120	900.0000000000	53.0000000000	2.3333330000	1.0000000000	4.000000	0.000000	0.000000	1	0
114	121	900.0000000000	51.0000000000	1.3333330000	1.0000000000	4.000000	0.000000	0.000000	1	0
115	41	600.0000000000	40.0000000000	1.3333330000	1.0000000000	4.000000	0.000000	0.000000	1	0
115	113	600.0000000000	191.0000000000	6.6666670000	1.0000000000	4.000000	0.000000	0.000000	1	0
115	116	600.0000000000	172.0000000000	6.6666670000	1.0000000000	4.000000	0.000000	0.000000	1	0
116	118	600.0000000000	235.0000000000	13.6666670000	1.0000000000	4.000000	0.000000	0.000000	1	0
117	103	900.0000000000	38.0000000000	2.3333330000	1.0000000000	4.000000	0.000000	0.000000	1	0
117	115	600.0000000000	477.0000000000	17.0000000000	1.0000000000	4.000000	0.000000	0.000000	1	0
117	118	900.0000000000	256.0000000000	6.6666670000	1.0000000000	4.000000	0.000000	0.000000	1	0
118	111	900.0000000000	256.0000000000	11.6666670000	1.0000000000	4.000000	0.000000	0.000000	1	0
118	115	600.0000000000	407.0000000000	19.0000000000	1.0000000000	4.000000	0.000000	0.000000	1	0
118	117	900.0000000000	256.0000000000	11.3333330000	1.0000000000	4.000000	0.000000	0.000000	1	0
119	120	900.0000000000	156.0000000000	6.6666670000	1.0000000000	4.000000	0.000000	0.000000	1	0
120	12	999999.0000000000	0.0000000000	0.0000000000	0.0000000000	4.000000	0.000000	0.000000	0	0
120	111	900.0000000000	207.0000000000	15.6666670000	1.0000000000	4.000000	0.000000	0.000000	1	0
120	126	900.0000000000	61.0000000000	1.6666670000	1.0000000000	4.000000	0.000000	0.000000	1	0
121	12	999999.0000000000	0.0000000000	0.0000000000	0.0000000000	4.000000	0.000000	0.000000	0	0
121	126	900.0000000000	22.0000000000	0.6666670000	1.0000000000	4.000000	0.000000	0.000000	1	0
122	123	900.0000000000	147.0000000000	4.3333330000	1.0000000000	4.000000	0.000000	0.000000	1	0
122	129	2400.0000000000	371.0000000000	27.3333330000	1.0000000000	4.000000	0.000000	0.000000	1	0
122	213	900.0000000000	195.0000000000	7.0000000000	1.0000000000	4.000000	0.000000	0.000000	1	0
122	350	2400.0000000000	374.0000000000	10.6666670000	1.0000000000	4.000000	0.000000	0.000000	1	0
123	132	900.0000000000	43.0000000000	1.3333330000	1.0000000000	4.000000	0.000000	0.000000	1	0
124	125	900.0000000000	87.0000000000	5.3333330000	1.0000000000	4.000000	0.000000	0.000000	1	0
125	113	900.0000000000	128.0000000000	6.3333330000	1.0000000000	4.000000	0.000000	0.000000	1	0
125	122	900.0000000000	299.0000000000	21.3333330000	1.0000000000	4.000000	0.000000	0.000000	1	0
126	127	900.0000000000	24.0000000000	2.0000000000	1.0000000000	4.000000	0.000000	0.000000	1	0
127	124	900.0000000000	93.0000000000	3.3333330000	1.0000000000	4.000000	0.000000	0.000000	1	0
128	14	999999.0000000000	0.0000000000	0.0000000000	0.0000000000	4.000000	0.000000	0.000000	0	0
128	129	2400.0000000000	165.0000000000	11.0000000000	1.0000000000	4.000000	0.000000	0.000000	1	0
129	14	999999.0000000000	0.0000000000	0.0000000000	0.0000000000	4.000000	0.000000	0.000000	0	0
129	111	900.0000000000	348.0000000000	14.0000000000	1.0000000000	4.000000	0.000000	0.000000	1	0
129	122	2400.0000000000	371.0000000000	12.6666670000	1.0000000000	4.000000	0.000000	0.000000	1	0
129	130	600.0000000000	100.0000000000	3.0000000000	1.0000000000	4.000000	0.000000	0.000000	1	0
129	152	2400.0000000000	417.0000000000	15.6666670000	1.0000000000	4.000000	0.000000	0.000000	1	0
130	14	999999.0000000000	0.0000000000	0.0000000000	0.0000000000	4.000000	0.000000	0.000000	0	0
130	129	600.0000000000	100.0000000000	2.3333330000	1.0000000000	4.000000	0.000000	0.000000	1	0
130	206	600.0000000000	136.0000000000	4.6666670000	1.0000000000	4.000000	0.000000	0.000000	1	0
131	45	2800.0000000000	54.0000000000	8.0000000000	1.0000000000	4.000000	0.000000	0.000000	1	0
131	368	2400.0000000000	22.0000000000	1.0000000000	1.0000000000	4.000000	0.000000	0.000000	1	0
132	125	900.0000000000	109.0000000000	3.3333330000	1.0000000000	4.000000	0.000000	0.000000	1	0
133	14	999999.0000000000	0.0000000000	0.0000000000	0.0000000000	4.000000	0.000000	0.000000	0	0
133	129	900.0000000000	74.0000000000	5.6666670000	1.0000000000	4.000000	0.000000	0.000000	1	0
134	30	999999.0000000000	0.0000000000	0.0000000000	0.0000000000	4.000000	0.000000	0.000000	0	0
134	386	2800.0000000000	10.0000000000	0.3333330000	1.0000000000	4.000000	0.000000	0.000000	1	0
135	117	900.0000000000	75.0000000000	9.0000000000	1.0000000000	4.000000	0.000000	0.000000	1	0
135	136	900.0000000000	102.0000000000	2.6666670000	1.0000000000	4.000000	0.000000	0.000000	1	0
135	137	900.0000000000	31.0000000000	0.6666670000	1.0000000000	4.000000	0.000000	0.000000	1	0
136	135	900.0000000000	102.0000000000	3.0000000000	1.0000000000	4.000000	0.000000	0.000000	1	0
136	137	900.0000000000	87.0000000000	2.3333330000	1.0000000000	4.000000	0.000000	0.000000	1	0
137	135	900.0000000000	31.0000000000	0.6666670000	1.0000000000	4.000000	0.000000	0.000000	1	0
137	136	900.0000000000	87.0000000000	2.3333330000	1.0000000000	4.000000	0.000000	0.000000	1	0
138	139	600.0000000000	105.0000000000	4.0000000000	1.0000000000	4.000000	0.000000	0.000000	1	0
139	140	2800.0000000000	421.0000000000	16.3333330000	1.0000000000	4.000000	0.000000	0.000000	1	0
140	10	999999.0000000000	0.0000000000	0.0000000000	0.0000000000	4.000000	0.000000	0.000000	0	0
140	144	600.0000000000	103.0000000000	5.3333330000	1.0000000000	4.000000	0.000000	0.000000	1	0
140	271	2800.0000000000	247.0000000000	8.0000000000	1.0000000000	4.000000	0.000000	0.000000	1	0
140	274	600.0000000000	18.0000000000	1.3333330000	1.0000000000	4.000000	0.000000	0.000000	1	0
141	234	900.0000000000	73.0000000000	8.3333330000	1.0000000000	4.000000	0.000000	0.000000	1	0
141	293	900.0000000000	104.0000000000	5.3333330000	1.0000000000	4.000000	0.000000	0.000000	1	0
142	10	999999.0000000000	0.0000000000	0.0000000000	0.0000000000	4.000000	0.000000	0.000000	0	0
143	318	2400.0000000000	29.0000000000	1.0000000000	1.0000000000	4.000000	0.000000	0.000000	1	0
143	334	900.0000000000	324.0000000000	8.0000000000	1.0000000000	4.000000	0.000000	0.000000	1	0
144	10	999999.0000000000	0.0000000000	0.0000000000	0.0000000000	4.000000	0.000000	0.000000	0	0
144	142	600.0000000000	309.0000000000	12.0000000000	1.0000000000	4.000000	0.000000	0.000000	1	0
145	234	600.0000000000	153.0000000000	3.6666670000	1.0000000000	4.000000	0.000000	0.000000	1	0
146	10	999999.0000000000	0.0000000000	0.0000000000	0.0000000000	4.000000	0.000000	0.000000	0	0
146	140	600.0000000000	289.0000000000	16.6666670000	1.0000000000	4.000000	0.000000	0.000000	1	0
147	35	999999.0000000000	0.0000000000	0.0000000000	0.0000000000	4.000000	0.000000	0.000000	0	0
147	149	2400.0000000000	25.0000000000	0.6666670000	1.0000000000	4.000000	0.000000	0.000000	1	0
148	35	999999.0000000000	0.0000000000	0.0000000000	0.0000000000	4.000000	0.000000	0.000000	0	0
148	149	2400.0000000000	74.0000000000	2.0000000000	1.0000000000	4.000000	0.000000	0.000000	1	0
149	35	999999.0000000000	0.0000000000	0.0000000000	0.0000000000	4.000000	0.000000	0.000000	0	0
149	147	2400.0000000000	25.0000000000	0.6666670000	1.0000000000	4.000000	0.000000	0.000000	1	0
149	153	2400.0000000000	363.0000000000	19.3333330000	1.0000000000	4.000000	0.000000	0.000000	1	0
150	35	999999.0000000000	0.0000000000	0.0000000000	0.0000000000	4.000000	0.000000	0.000000	0	0
150	147	2400.0000000000	356.0000000000	21.3333330000	1.0000000000	4.000000	0.000000	0.000000	1	0
150	153	2400.0000000000	16.0000000000	0.6666670000	1.0000000000	4.000000	0.000000	0.000000	1	0
151	150	2400.0000000000	19.0000000000	0.3333330000	1.0000000000	4.000000	0.000000	0.000000	1	0
151	207	2400.0000000000	218.0000000000	9.3333330000	1.0000000000	4.000000	0.000000	0.000000	1	0
152	150	2400.0000000000	95.0000000000	12.0000000000	1.0000000000	4.000000	0.000000	0.000000	1	0
153	178	2400.0000000000	19.0000000000	1.0000000000	1.0000000000	4.000000	0.000000	0.000000	1	0
153	192	2400.0000000000	99.0000000000	2.6666670000	1.0000000000	4.000000	0.000000	0.000000	1	0
154	30	999999.0000000000	0.0000000000	0.0000000000	0.0000000000	4.000000	0.000000	0.000000	0	0
154	155	2400.0000000000	160.0000000000	4.0000000000	1.0000000000	4.000000	0.000000	0.000000	1	0
155	29	999999.0000000000	0.0000000000	0.0000000000	0.0000000000	4.000000	0.000000	0.000000	0	0
155	48	2400.0000000000	250.0000000000	19.6666670000	1.0000000000	4.000000	0.000000	0.000000	1	0
156	29	999999.0000000000	0.0000000000	0.0000000000	0.0000000000	4.000000	0.000000	0.000000	0	0
156	30	999999.0000000000	0.0000000000	0.0000000000	0.0000000000	4.000000	0.000000	0.000000	0	0
156	387	2400.0000000000	124.0000000000	2.6666670000	1.0000000000	4.000000	0.000000	0.000000	1	0
157	29	999999.0000000000	0.0000000000	0.0000000000	0.0000000000	4.000000	0.000000	0.000000	0	0
157	156	2400.0000000000	69.0000000000	1.6666670000	1.0000000000	4.000000	0.000000	0.000000	1	0
158	9	999999.0000000000	0.0000000000	0.0000000000	0.0000000000	4.000000	0.000000	0.000000	0	0
158	159	2800.0000000000	154.0000000000	4.0000000000	1.0000000000	4.000000	0.000000	0.000000	1	0
158	176	2800.0000000000	33.0000000000	1.6666670000	1.0000000000	4.000000	0.000000	0.000000	1	0
159	160	2800.0000000000	126.0000000000	7.0000000000	1.0000000000	4.000000	0.000000	0.000000	1	0
160	49	2800.0000000000	88.0000000000	10.6666670000	1.0000000000	4.000000	0.000000	0.000000	1	0
162	181	2800.0000000000	41.0000000000	3.6666670000	1.0000000000	4.000000	0.000000	0.000000	1	0
162	187	2400.0000000000	55.0000000000	1.6666670000	1.0000000000	4.000000	0.000000	0.000000	1	0
163	54	2800.0000000000	105.0000000000	13.0000000000	1.0000000000	4.000000	0.000000	0.000000	1	0
163	171	900.0000000000	7.0000000000	0.3333330000	1.0000000000	4.000000	0.000000	0.000000	1	0
164	167	600.0000000000	156.0000000000	4.0000000000	1.0000000000	4.000000	0.000000	0.000000	1	0
165	15	999999.0000000000	0.0000000000	0.0000000000	0.0000000000	4.000000	0.000000	0.000000	0	0
165	175	2400.0000000000	138.0000000000	3.6666670000	1.0000000000	4.000000	0.000000	0.000000	1	0
166	13	999999.0000000000	0.0000000000	0.0000000000	0.0000000000	4.000000	0.000000	0.000000	0	0
166	167	600.0000000000	101.0000000000	2.6666670000	1.0000000000	4.000000	0.000000	0.000000	1	0
167	163	900.0000000000	138.0000000000	3.6666670000	1.0000000000	4.000000	0.000000	0.000000	1	0
167	170	900.0000000000	185.0000000000	4.3333330000	1.0000000000	4.000000	0.000000	0.000000	1	0
168	9	999999.0000000000	0.0000000000	0.0000000000	0.0000000000	4.000000	0.000000	0.000000	0	0
168	169	2800.0000000000	161.0000000000	6.3333330000	1.0000000000	4.000000	0.000000	0.000000	1	0
168	185	2800.0000000000	34.0000000000	1.0000000000	1.0000000000	4.000000	0.000000	0.000000	1	0
169	181	2400.0000000000	32.0000000000	0.6666670000	1.0000000000	4.000000	0.000000	0.000000	1	0
169	225	2800.0000000000	37.0000000000	1.3333330000	1.0000000000	4.000000	0.000000	0.000000	1	0
170	167	900.0000000000	185.0000000000	5.0000000000	1.0000000000	4.000000	0.000000	0.000000	1	0
170	174	600.0000000000	141.0000000000	6.6666670000	1.0000000000	4.000000	0.000000	0.000000	1	0
170	195	900.0000000000	94.0000000000	2.3333330000	1.0000000000	4.000000	0.000000	0.000000	1	0
171	167	900.0000000000	131.0000000000	4.0000000000	1.0000000000	4.000000	0.000000	0.000000	1	0
172	173	600.0000000000	54.0000000000	4.0000000000	1.0000000000	4.000000	0.000000	0.000000	1	0
173	61	600.0000000000	194.0000000000	5.0000000000	1.0000000000	4.000000	0.000000	0.000000	1	0
173	170	600.0000000000	219.0000000000	5.3333330000	1.0000000000	4.000000	0.000000	0.000000	1	0
174	173	600.0000000000	78.0000000000	4.0000000000	1.0000000000	4.000000	0.000000	0.000000	1	0
175	15	999999.0000000000	0.0000000000	0.0000000000	0.0000000000	4.000000	0.000000	0.000000	0	0
175	177	2400.0000000000	53.0000000000	1.3333330000	1.0000000000	4.000000	0.000000	0.000000	1	0
176	9	999999.0000000000	0.0000000000	0.0000000000	0.0000000000	4.000000	0.000000	0.000000	0	0
176	168	2800.0000000000	40.0000000000	1.0000000000	1.0000000000	4.000000	0.000000	0.000000	1	0
176	367	2800.0000000000	69.0000000000	1.6666670000	1.0000000000	4.000000	0.000000	0.000000	1	0
177	15	999999.0000000000	0.0000000000	0.0000000000	0.0000000000	4.000000	0.000000	0.000000	0	0
177	179	2400.0000000000	108.0000000000	5.3333330000	1.0000000000	4.000000	0.000000	0.000000	1	0
178	151	2400.0000000000	15.0000000000	1.3333330000	1.0000000000	4.000000	0.000000	0.000000	1	0
178	170	900.0000000000	198.0000000000	5.0000000000	1.0000000000	4.000000	0.000000	0.000000	1	0
179	178	2800.0000000000	87.0000000000	7.3333330000	1.0000000000	4.000000	0.000000	0.000000	1	0
180	185	2800.0000000000	144.0000000000	12.6666670000	1.0000000000	4.000000	0.000000	0.000000	1	0
181	180	2800.0000000000	31.0000000000	2.6666670000	1.0000000000	4.000000	0.000000	0.000000	1	0
181	187	2400.0000000000	49.0000000000	1.3333330000	1.0000000000	4.000000	0.000000	0.000000	1	0
182	180	2400.0000000000	107.0000000000	8.6666670000	1.0000000000	4.000000	0.000000	0.000000	1	0
183	161	2800.0000000000	24.0000000000	1.0000000000	1.0000000000	4.000000	0.000000	0.000000	1	0
183	184	2800.0000000000	27.0000000000	1.0000000000	1.0000000000	4.000000	0.000000	0.000000	1	0
184	188	2800.0000000000	344.0000000000	7.6666670000	1.0000000000	4.000000	0.000000	0.000000	1	0
185	158	2800.0000000000	38.0000000000	3.3333330000	1.0000000000	4.000000	0.000000	0.000000	1	0
185	189	2800.0000000000	60.0000000000	1.6666670000	1.0000000000	4.000000	0.000000	0.000000	1	0
186	161	600.0000000000	44.0000000000	1.3333330000	1.0000000000	4.000000	0.000000	0.000000	1	0
186	184	2800.0000000000	60.0000000000	1.6666670000	1.0000000000	4.000000	0.000000	0.000000	1	0
187	190	2400.0000000000	49.0000000000	1.0000000000	1.0000000000	4.000000	0.000000	0.000000	1	0
188	158	2800.0000000000	62.0000000000	7.6666670000	1.0000000000	4.000000	0.000000	0.000000	1	0
188	189	2800.0000000000	39.0000000000	1.0000000000	1.0000000000	4.000000	0.000000	0.000000	1	0
189	183	2800.0000000000	350.0000000000	9.6666670000	1.0000000000	4.000000	0.000000	0.000000	1	0
190	165	2400.0000000000	95.0000000000	2.3333330000	1.0000000000	4.000000	0.000000	0.000000	1	0
191	15	999999.0000000000	0.0000000000	0.0000000000	0.0000000000	4.000000	0.000000	0.000000	0	0
191	182	2400.0000000000	239.0000000000	6.6666670000	1.0000000000	4.000000	0.000000	0.000000	1	0
193	194	2400.0000000000	157.0000000000	10.3333330000	1.0000000000	4.000000	0.000000	0.000000	1	0
194	204	2400.0000000000	10.0000000000	0.3333330000	1.0000000000	4.000000	0.000000	0.000000	1	0
195	151	900.0000000000	105.0000000000	15.0000000000	1.0000000000	4.000000	0.000000	0.000000	1	0
196	6	999999.0000000000	0.0000000000	0.0000000000	0.0000000000	4.000000	0.000000	0.000000	0	0
196	223	2400.0000000000	231.0000000000	11.0000000000	1.0000000000	4.000000	0.000000	0.000000	1	0
197	194	900.0000000000	48.0000000000	6.0000000000	1.0000000000	4.000000	0.000000	0.000000	1	0
198	200	2400.0000000000	39.0000000000	1.0000000000	1.0000000000	4.000000	0.000000	0.000000	1	0
198	363	900.0000000000	90.0000000000	3.0000000000	1.0000000000	4.000000	0.000000	0.000000	1	0
199	67	2400.0000000000	281.0000000000	14.0000000000	1.0000000000	4.000000	0.000000	0.000000	1	0
201	13	999999.0000000000	0.0000000000	0.0000000000	0.0000000000	4.000000	0.000000	0.000000	0	0
201	203	600.0000000000	206.0000000000	5.0000000000	1.0000000000	4.000000	0.000000	0.000000	1	0
202	51	2400.0000000000	67.0000000000	11.6666670000	1.0000000000	4.000000	0.000000	0.000000	1	0
203	13	999999.0000000000	0.0000000000	0.0000000000	0.0000000000	4.000000	0.000000	0.000000	0	0
203	206	600.0000000000	366.0000000000	9.0000000000	1.0000000000	4.000000	0.000000	0.000000	1	0
203	210	900.0000000000	180.0000000000	4.6666670000	1.0000000000	4.000000	0.000000	0.000000	1	0
203	398	900.0000000000	71.0000000000	2.3333330000	1.0000000000	4.000000	0.000000	0.000000	1	0
204	198	2400.0000000000	19.0000000000	1.0000000000	1.0000000000	4.000000	0.000000	0.000000	1	0
204	233	2400.0000000000	22.0000000000	0.6666670000	1.0000000000	4.000000	0.000000	0.000000	1	0
205	130	600.0000000000	52.0000000000	1.3333330000	1.0000000000	4.000000	0.000000	0.000000	1	0
206	201	600.0000000000	160.0000000000	7.0000000000	1.0000000000	4.000000	0.000000	0.000000	1	0
206	211	600.0000000000	63.0000000000	1.6666670000	1.0000000000	4.000000	0.000000	0.000000	1	0
207	128	2400.0000000000	136.0000000000	6.0000000000	1.0000000000	4.000000	0.000000	0.000000	1	0
208	209	2800.0000000000	97.0000000000	2.6666670000	1.0000000000	4.000000	0.000000	0.000000	1	0
209	176	2800.0000000000	154.0000000000	13.6666670000	1.0000000000	4.000000	0.000000	0.000000	1	0
210	28	999999.0000000000	0.0000000000	0.0000000000	0.0000000000	4.000000	0.000000	0.000000	0	0
210	203	900.0000000000	180.0000000000	9.0000000000	1.0000000000	4.000000	0.000000	0.000000	1	0
210	214	600.0000000000	156.0000000000	4.0000000000	1.0000000000	4.000000	0.000000	0.000000	1	0
210	215	900.0000000000	77.0000000000	2.0000000000	1.0000000000	4.000000	0.000000	0.000000	1	0
211	205	600.0000000000	30.0000000000	0.6666670000	1.0000000000	4.000000	0.000000	0.000000	1	0
212	208	2800.0000000000	33.0000000000	0.6666670000	1.0000000000	4.000000	0.000000	0.000000	1	0
212	216	2800.0000000000	84.0000000000	2.3333330000	1.0000000000	4.000000	0.000000	0.000000	1	0
213	28	999999.0000000000	0.0000000000	0.0000000000	0.0000000000	4.000000	0.000000	0.000000	0	0
213	210	900.0000000000	200.0000000000	7.3333330000	1.0000000000	4.000000	0.000000	0.000000	1	0
214	28	999999.0000000000	0.0000000000	0.0000000000	0.0000000000	4.000000	0.000000	0.000000	0	0
215	28	999999.0000000000	0.0000000000	0.0000000000	0.0000000000	4.000000	0.000000	0.000000	0	0
215	122	900.0000000000	318.0000000000	8.0000000000	1.0000000000	4.000000	0.000000	0.000000	1	0
216	62	2800.0000000000	545.0000000000	13.3333330000	1.0000000000	4.000000	0.000000	0.000000	1	0
217	20	999999.0000000000	0.0000000000	0.0000000000	0.0000000000	4.000000	0.000000	0.000000	0	0
217	218	900.0000000000	119.0000000000	4.3333330000	1.0000000000	4.000000	0.000000	0.000000	1	0
218	217	900.0000000000	119.0000000000	5.6666670000	1.0000000000	4.000000	0.000000	0.000000	1	0
218	219	900.0000000000	42.0000000000	1.0000000000	1.0000000000	4.000000	0.000000	0.000000	1	0
219	220	900.0000000000	90.0000000000	2.3333330000	1.0000000000	4.000000	0.000000	0.000000	1	0
220	20	999999.0000000000	0.0000000000	0.0000000000	0.0000000000	4.000000	0.000000	0.000000	0	0
220	219	900.0000000000	90.0000000000	2.3333330000	1.0000000000	4.000000	0.000000	0.000000	1	0
220	221	900.0000000000	53.0000000000	1.3333330000	1.0000000000	4.000000	0.000000	0.000000	1	0
221	20	999999.0000000000	0.0000000000	0.0000000000	0.0000000000	4.000000	0.000000	0.000000	0	0
221	217	900.0000000000	113.0000000000	11.0000000000	1.0000000000	4.000000	0.000000	0.000000	1	0
221	220	900.0000000000	53.0000000000	1.3333330000	1.0000000000	4.000000	0.000000	0.000000	1	0
221	290	900.0000000000	300.0000000000	21.3333330000	1.0000000000	4.000000	0.000000	0.000000	1	0
222	23	999999.0000000000	0.0000000000	0.0000000000	0.0000000000	4.000000	0.000000	0.000000	0	0
222	224	2400.0000000000	125.0000000000	4.3333330000	1.0000000000	4.000000	0.000000	0.000000	1	0
222	239	600.0000000000	20.0000000000	0.3333330000	1.0000000000	4.000000	0.000000	0.000000	1	0
223	6	999999.0000000000	0.0000000000	0.0000000000	0.0000000000	4.000000	0.000000	0.000000	0	0
223	202	2400.0000000000	358.0000000000	15.6666670000	1.0000000000	4.000000	0.000000	0.000000	1	0
223	237	2400.0000000000	390.0000000000	11.0000000000	1.0000000000	4.000000	0.000000	0.000000	1	0
223	295	2400.0000000000	25.0000000000	1.6666670000	1.0000000000	4.000000	0.000000	0.000000	1	0
224	23	999999.0000000000	0.0000000000	0.0000000000	0.0000000000	4.000000	0.000000	0.000000	0	0
224	198	2400.0000000000	175.0000000000	13.0000000000	1.0000000000	4.000000	0.000000	0.000000	1	0
225	56	2800.0000000000	254.0000000000	7.3333330000	1.0000000000	4.000000	0.000000	0.000000	1	0
226	4	999999.0000000000	0.0000000000	0.0000000000	0.0000000000	4.000000	0.000000	0.000000	0	0
226	23	999999.0000000000	0.0000000000	0.0000000000	0.0000000000	4.000000	0.000000	0.000000	0	0
226	228	900.0000000000	339.0000000000	21.3333330000	1.0000000000	4.000000	0.000000	0.000000	1	0
226	232	900.0000000000	154.0000000000	9.0000000000	1.0000000000	4.000000	0.000000	0.000000	1	0
227	77	2800.0000000000	200.0000000000	9.0000000000	1.0000000000	4.000000	0.000000	0.000000	1	0
228	22	999999.0000000000	0.0000000000	0.0000000000	0.0000000000	4.000000	0.000000	0.000000	0	0
228	231	900.0000000000	233.0000000000	7.6666670000	1.0000000000	4.000000	0.000000	0.000000	1	0
228	286	2800.0000000000	81.0000000000	14.6666670000	1.0000000000	4.000000	0.000000	0.000000	1	0
229	82	900.0000000000	43.0000000000	1.3333330000	1.0000000000	4.000000	0.000000	0.000000	1	0
229	242	900.0000000000	203.0000000000	10.0000000000	1.0000000000	4.000000	0.000000	0.000000	1	0
230	226	900.0000000000	222.0000000000	11.3333330000	1.0000000000	4.000000	0.000000	0.000000	1	0
230	296	900.0000000000	252.0000000000	16.0000000000	1.0000000000	4.000000	0.000000	0.000000	1	0
231	4	999999.0000000000	0.0000000000	0.0000000000	0.0000000000	4.000000	0.000000	0.000000	0	0
231	23	999999.0000000000	0.0000000000	0.0000000000	0.0000000000	4.000000	0.000000	0.000000	0	0
231	226	900.0000000000	106.0000000000	9.6666670000	1.0000000000	4.000000	0.000000	0.000000	1	0
232	4	999999.0000000000	0.0000000000	0.0000000000	0.0000000000	4.000000	0.000000	0.000000	0	0
232	226	900.0000000000	154.0000000000	16.3333330000	1.0000000000	4.000000	0.000000	0.000000	1	0
232	230	900.0000000000	225.0000000000	14.6666670000	1.0000000000	4.000000	0.000000	0.000000	1	0
232	263	900.0000000000	118.0000000000	9.6666670000	1.0000000000	4.000000	0.000000	0.000000	1	0
233	235	2400.0000000000	84.0000000000	2.0000000000	1.0000000000	4.000000	0.000000	0.000000	1	0
234	141	900.0000000000	73.0000000000	6.0000000000	1.0000000000	4.000000	0.000000	0.000000	1	0
235	236	2400.0000000000	61.0000000000	1.3333330000	1.0000000000	4.000000	0.000000	0.000000	1	0
236	239	2400.0000000000	132.0000000000	4.3333330000	1.0000000000	4.000000	0.000000	0.000000	1	0
237	298	2400.0000000000	45.0000000000	1.6666670000	1.0000000000	4.000000	0.000000	0.000000	1	0
238	20	999999.0000000000	0.0000000000	0.0000000000	0.0000000000	4.000000	0.000000	0.000000	0	0
239	222	600.0000000000	20.0000000000	0.3333330000	1.0000000000	4.000000	0.000000	0.000000	1	0
239	238	600.0000000000	102.0000000000	3.6666670000	1.0000000000	4.000000	0.000000	0.000000	1	0
239	288	2800.0000000000	284.0000000000	23.0000000000	1.0000000000	4.000000	0.000000	0.000000	1	0
240	32	999999.0000000000	0.0000000000	0.0000000000	0.0000000000	4.000000	0.000000	0.000000	0	0
240	36	999999.0000000000	0.0000000000	0.0000000000	0.0000000000	4.000000	0.000000	0.000000	0	0
240	355	900.0000000000	113.0000000000	3.3333330000	1.0000000000	4.000000	0.000000	0.000000	1	0
241	16	999999.0000000000	0.0000000000	0.0000000000	0.0000000000	4.000000	0.000000	0.000000	0	0
241	18	999999.0000000000	0.0000000000	0.0000000000	0.0000000000	4.000000	0.000000	0.000000	0	0
241	75	900.0000000000	73.0000000000	1.6666670000	1.0000000000	4.000000	0.000000	0.000000	1	0
242	229	900.0000000000	203.0000000000	5.6666670000	1.0000000000	4.000000	0.000000	0.000000	1	0
242	240	900.0000000000	173.0000000000	9.0000000000	1.0000000000	4.000000	0.000000	0.000000	1	0
242	247	2400.0000000000	320.0000000000	11.3333330000	1.0000000000	4.000000	0.000000	0.000000	1	0
242	270	2400.0000000000	255.0000000000	8.6666670000	1.0000000000	4.000000	0.000000	0.000000	1	0
243	72	900.0000000000	58.0000000000	2.0000000000	1.0000000000	4.000000	0.000000	0.000000	1	0
243	80	900.0000000000	66.0000000000	4.3333330000	1.0000000000	4.000000	0.000000	0.000000	1	0
243	245	900.0000000000	105.0000000000	3.3333330000	1.0000000000	4.000000	0.000000	0.000000	1	0
244	32	999999.0000000000	0.0000000000	0.0000000000	0.0000000000	4.000000	0.000000	0.000000	0	0
244	354	900.0000000000	113.0000000000	3.0000000000	1.0000000000	4.000000	0.000000	0.000000	1	0
244	376	900.0000000000	293.0000000000	9.3333330000	1.0000000000	4.000000	0.000000	0.000000	1	0
245	70	900.0000000000	77.0000000000	2.6666670000	1.0000000000	4.000000	0.000000	0.000000	1	0
245	243	900.0000000000	105.0000000000	2.6666670000	1.0000000000	4.000000	0.000000	0.000000	1	0
246	16	999999.0000000000	0.0000000000	0.0000000000	0.0000000000	4.000000	0.000000	0.000000	0	0
246	241	900.0000000000	32.0000000000	0.6666670000	1.0000000000	4.000000	0.000000	0.000000	1	0
247	36	999999.0000000000	0.0000000000	0.0000000000	0.0000000000	4.000000	0.000000	0.000000	0	0
247	242	2400.0000000000	320.0000000000	30.6666670000	1.0000000000	4.000000	0.000000	0.000000	1	0
247	267	2400.0000000000	459.0000000000	20.3333330000	1.0000000000	4.000000	0.000000	0.000000	1	0
247	269	600.0000000000	186.0000000000	4.6666670000	1.0000000000	4.000000	0.000000	0.000000	1	0
248	257	2400.0000000000	187.0000000000	4.0000000000	1.0000000000	4.000000	0.000000	0.000000	1	0
249	102	900.0000000000	224.0000000000	10.3333330000	1.0000000000	4.000000	0.000000	0.000000	1	0
250	397	900.0000000000	57.0000000000	2.3333330000	1.0000000000	4.000000	0.000000	0.000000	1	0
251	17	999999.0000000000	0.0000000000	0.0000000000	0.0000000000	4.000000	0.000000	0.000000	0	0
251	80	900.0000000000	172.0000000000	13.3333330000	1.0000000000	4.000000	0.000000	0.000000	1	0
252	248	2400.0000000000	208.0000000000	4.3333330000	1.0000000000	4.000000	0.000000	0.000000	1	0
253	2	999999.0000000000	0.0000000000	0.0000000000	0.0000000000	4.000000	0.000000	0.000000	0	0
253	81	900.0000000000	409.0000000000	28.3333330000	1.0000000000	4.000000	0.000000	0.000000	1	0
253	258	600.0000000000	174.0000000000	6.0000000000	1.0000000000	4.000000	0.000000	0.000000	1	0
253	272	900.0000000000	66.0000000000	2.6666670000	1.0000000000	4.000000	0.000000	0.000000	1	0
253	353	900.0000000000	384.0000000000	21.0000000000	1.0000000000	4.000000	0.000000	0.000000	1	0
254	5	999999.0000000000	0.0000000000	0.0000000000	0.0000000000	4.000000	0.000000	0.000000	0	0
254	253	900.0000000000	165.0000000000	8.6666670000	1.0000000000	4.000000	0.000000	0.000000	1	0
255	2	999999.0000000000	0.0000000000	0.0000000000	0.0000000000	4.000000	0.000000	0.000000	0	0
255	5	999999.0000000000	0.0000000000	0.0000000000	0.0000000000	4.000000	0.000000	0.000000	0	0
255	253	900.0000000000	221.0000000000	13.3333330000	1.0000000000	4.000000	0.000000	0.000000	1	0
256	2	999999.0000000000	0.0000000000	0.0000000000	0.0000000000	4.000000	0.000000	0.000000	0	0
256	272	900.0000000000	93.0000000000	8.3333330000	1.0000000000	4.000000	0.000000	0.000000	1	0
256	397	900.0000000000	102.0000000000	3.6666670000	1.0000000000	4.000000	0.000000	0.000000	1	0
257	81	2400.0000000000	324.0000000000	6.6666670000	1.0000000000	4.000000	0.000000	0.000000	1	0
258	3	999999.0000000000	0.0000000000	0.0000000000	0.0000000000	4.000000	0.000000	0.000000	0	0
258	253	600.0000000000	174.0000000000	12.0000000000	1.0000000000	4.000000	0.000000	0.000000	1	0
258	259	600.0000000000	109.0000000000	4.0000000000	1.0000000000	4.000000	0.000000	0.000000	1	0
259	3	999999.0000000000	0.0000000000	0.0000000000	0.0000000000	4.000000	0.000000	0.000000	0	0
259	260	600.0000000000	60.0000000000	2.6666670000	1.0000000000	4.000000	0.000000	0.000000	1	0
260	3	999999.0000000000	0.0000000000	0.0000000000	0.0000000000	4.000000	0.000000	0.000000	0	0
260	262	600.0000000000	70.0000000000	3.0000000000	1.0000000000	4.000000	0.000000	0.000000	1	0
261	3	999999.0000000000	0.0000000000	0.0000000000	0.0000000000	4.000000	0.000000	0.000000	0	0
261	258	600.0000000000	241.0000000000	9.6666670000	1.0000000000	4.000000	0.000000	0.000000	1	0
261	262	600.0000000000	32.0000000000	0.6666670000	1.0000000000	4.000000	0.000000	0.000000	1	0
262	145	600.0000000000	261.0000000000	6.6666670000	1.0000000000	4.000000	0.000000	0.000000	1	0
262	261	600.0000000000	32.0000000000	0.6666670000	1.0000000000	4.000000	0.000000	0.000000	1	0
263	4	999999.0000000000	0.0000000000	0.0000000000	0.0000000000	4.000000	0.000000	0.000000	0	0
263	232	900.0000000000	118.0000000000	7.6666670000	1.0000000000	4.000000	0.000000	0.000000	1	0
263	265	600.0000000000	46.0000000000	3.6666670000	1.0000000000	4.000000	0.000000	0.000000	1	0
264	6	999999.0000000000	0.0000000000	0.0000000000	0.0000000000	4.000000	0.000000	0.000000	0	0
264	295	900.0000000000	178.0000000000	12.6666670000	1.0000000000	4.000000	0.000000	0.000000	1	0
265	261	600.0000000000	210.0000000000	10.6666670000	1.0000000000	4.000000	0.000000	0.000000	1	0
266	31	999999.0000000000	0.0000000000	0.0000000000	0.0000000000	4.000000	0.000000	0.000000	0	0
266	269	600.0000000000	123.0000000000	3.0000000000	1.0000000000	4.000000	0.000000	0.000000	1	0
267	31	999999.0000000000	0.0000000000	0.0000000000	0.0000000000	4.000000	0.000000	0.000000	0	0
267	33	999999.0000000000	0.0000000000	0.0000000000	0.0000000000	4.000000	0.000000	0.000000	0	0
267	40	2400.0000000000	167.0000000000	5.3333330000	1.0000000000	4.000000	0.000000	0.000000	1	0
268	31	999999.0000000000	0.0000000000	0.0000000000	0.0000000000	4.000000	0.000000	0.000000	0	0
268	33	999999.0000000000	0.0000000000	0.0000000000	0.0000000000	4.000000	0.000000	0.000000	0	0
268	36	999999.0000000000	0.0000000000	0.0000000000	0.0000000000	4.000000	0.000000	0.000000	0	0
268	247	2400.0000000000	202.0000000000	7.3333330000	1.0000000000	4.000000	0.000000	0.000000	1	0
269	31	999999.0000000000	0.0000000000	0.0000000000	0.0000000000	4.000000	0.000000	0.000000	0	0
269	247	600.0000000000	186.0000000000	4.6666670000	1.0000000000	4.000000	0.000000	0.000000	1	0
270	17	999999.0000000000	0.0000000000	0.0000000000	0.0000000000	4.000000	0.000000	0.000000	0	0
270	32	999999.0000000000	0.0000000000	0.0000000000	0.0000000000	4.000000	0.000000	0.000000	0	0
270	79	2400.0000000000	208.0000000000	24.0000000000	1.0000000000	4.000000	0.000000	0.000000	1	0
271	277	2800.0000000000	205.0000000000	5.6666670000	1.0000000000	4.000000	0.000000	0.000000	1	0
271	282	600.0000000000	16.0000000000	0.3333330000	1.0000000000	4.000000	0.000000	0.000000	1	0
272	2	999999.0000000000	0.0000000000	0.0000000000	0.0000000000	4.000000	0.000000	0.000000	0	0
272	253	900.0000000000	66.0000000000	6.0000000000	1.0000000000	4.000000	0.000000	0.000000	1	0
272	256	900.0000000000	93.0000000000	4.3333330000	1.0000000000	4.000000	0.000000	0.000000	1	0
273	17	999999.0000000000	0.0000000000	0.0000000000	0.0000000000	4.000000	0.000000	0.000000	0	0
273	242	2400.0000000000	178.0000000000	21.0000000000	1.0000000000	4.000000	0.000000	0.000000	1	0
274	140	600.0000000000	18.0000000000	0.6666670000	1.0000000000	4.000000	0.000000	0.000000	1	0
274	227	2800.0000000000	82.0000000000	3.0000000000	1.0000000000	4.000000	0.000000	0.000000	1	0
275	11	999999.0000000000	0.0000000000	0.0000000000	0.0000000000	4.000000	0.000000	0.000000	0	0
275	65	2800.0000000000	183.0000000000	19.0000000000	1.0000000000	4.000000	0.000000	0.000000	1	0
276	27	999999.0000000000	0.0000000000	0.0000000000	0.0000000000	4.000000	0.000000	0.000000	0	0
276	280	600.0000000000	25.0000000000	2.3333330000	1.0000000000	4.000000	0.000000	0.000000	1	0
277	63	2800.0000000000	211.0000000000	10.0000000000	1.0000000000	4.000000	0.000000	0.000000	1	0
278	109	2400.0000000000	113.0000000000	3.3333330000	1.0000000000	4.000000	0.000000	0.000000	1	0
279	11	999999.0000000000	0.0000000000	0.0000000000	0.0000000000	4.000000	0.000000	0.000000	0	0
279	275	900.0000000000	162.0000000000	4.3333330000	1.0000000000	4.000000	0.000000	0.000000	1	0
279	276	600.0000000000	294.0000000000	7.0000000000	1.0000000000	4.000000	0.000000	0.000000	1	0
280	27	999999.0000000000	0.0000000000	0.0000000000	0.0000000000	4.000000	0.000000	0.000000	0	0
280	78	600.0000000000	85.0000000000	2.3333330000	1.0000000000	4.000000	0.000000	0.000000	1	0
280	283	600.0000000000	205.0000000000	5.3333330000	1.0000000000	4.000000	0.000000	0.000000	1	0
281	284	2400.0000000000	141.0000000000	7.6666670000	1.0000000000	4.000000	0.000000	0.000000	1	0
282	271	600.0000000000	16.0000000000	0.3333330000	1.0000000000	4.000000	0.000000	0.000000	1	0
282	274	2800.0000000000	240.0000000000	14.3333330000	1.0000000000	4.000000	0.000000	0.000000	1	0
283	11	999999.0000000000	0.0000000000	0.0000000000	0.0000000000	4.000000	0.000000	0.000000	0	0
283	279	900.0000000000	114.0000000000	2.6666670000	1.0000000000	4.000000	0.000000	0.000000	1	0
284	223	2400.0000000000	328.0000000000	18.0000000000	1.0000000000	4.000000	0.000000	0.000000	1	0
285	22	999999.0000000000	0.0000000000	0.0000000000	0.0000000000	4.000000	0.000000	0.000000	0	0
285	286	2800.0000000000	40.0000000000	7.0000000000	1.0000000000	4.000000	0.000000	0.000000	1	0
285	287	2800.0000000000	218.0000000000	9.0000000000	1.0000000000	4.000000	0.000000	0.000000	1	0
286	22	999999.0000000000	0.0000000000	0.0000000000	0.0000000000	4.000000	0.000000	0.000000	0	0
286	222	2800.0000000000	276.0000000000	8.6666670000	1.0000000000	4.000000	0.000000	0.000000	1	0
286	228	900.0000000000	81.0000000000	2.6666670000	1.0000000000	4.000000	0.000000	0.000000	1	0
287	19	999999.0000000000	0.0000000000	0.0000000000	0.0000000000	4.000000	0.000000	0.000000	0	0
287	22	999999.0000000000	0.0000000000	0.0000000000	0.0000000000	4.000000	0.000000	0.000000	0	0
287	285	2800.0000000000	218.0000000000	12.3333330000	1.0000000000	4.000000	0.000000	0.000000	1	0
287	353	2400.0000000000	367.0000000000	13.6666670000	1.0000000000	4.000000	0.000000	0.000000	1	0
288	285	2400.0000000000	37.0000000000	1.6666670000	1.0000000000	4.000000	0.000000	0.000000	1	0
288	286	2800.0000000000	12.0000000000	0.6666670000	1.0000000000	4.000000	0.000000	0.000000	1	0
288	290	2400.0000000000	363.0000000000	20.3333330000	1.0000000000	4.000000	0.000000	0.000000	1	0
289	288	2800.0000000000	252.0000000000	23.0000000000	1.0000000000	4.000000	0.000000	0.000000	1	0
290	221	900.0000000000	300.0000000000	12.3333330000	1.0000000000	4.000000	0.000000	0.000000	1	0
290	289	2400.0000000000	111.0000000000	5.3333330000	1.0000000000	4.000000	0.000000	0.000000	1	0
290	312	2400.0000000000	261.0000000000	10.6666670000	1.0000000000	4.000000	0.000000	0.000000	1	0
290	377	900.0000000000	197.0000000000	8.6666670000	1.0000000000	4.000000	0.000000	0.000000	1	0
291	19	999999.0000000000	0.0000000000	0.0000000000	0.0000000000	4.000000	0.000000	0.000000	0	0
291	287	600.0000000000	70.0000000000	1.6666670000	1.0000000000	4.000000	0.000000	0.000000	1	0
292	19	999999.0000000000	0.0000000000	0.0000000000	0.0000000000	4.000000	0.000000	0.000000	0	0
292	287	2400.0000000000	131.0000000000	4.6666670000	1.0000000000	4.000000	0.000000	0.000000	1	0
293	141	900.0000000000	104.0000000000	5.3333330000	1.0000000000	4.000000	0.000000	0.000000	1	0
293	264	900.0000000000	105.0000000000	7.6666670000	1.0000000000	4.000000	0.000000	0.000000	1	0
294	295	2800.0000000000	351.0000000000	14.0000000000	1.0000000000	4.000000	0.000000	0.000000	1	0
295	6	999999.0000000000	0.0000000000	0.0000000000	0.0000000000	4.000000	0.000000	0.000000	0	0
295	278	2400.0000000000	539.0000000000	24.3333330000	1.0000000000	4.000000	0.000000	0.000000	1	0
295	293	900.0000000000	283.0000000000	10.0000000000	1.0000000000	4.000000	0.000000	0.000000	1	0
296	297	900.0000000000	134.0000000000	5.6666670000	1.0000000000	4.000000	0.000000	0.000000	1	0
296	300	2800.0000000000	131.0000000000	14.6666670000	1.0000000000	4.000000	0.000000	0.000000	1	0
296	360	900.0000000000	39.0000000000	1.0000000000	1.0000000000	4.000000	0.000000	0.000000	1	0
297	230	900.0000000000	118.0000000000	8.6666670000	1.0000000000	4.000000	0.000000	0.000000	1	0
298	301	2800.0000000000	198.0000000000	10.0000000000	1.0000000000	4.000000	0.000000	0.000000	1	0
299	302	2400.0000000000	196.0000000000	11.0000000000	1.0000000000	4.000000	0.000000	0.000000	1	0
300	294	2400.0000000000	271.0000000000	10.6666670000	1.0000000000	4.000000	0.000000	0.000000	1	0
300	301	2800.0000000000	26.0000000000	2.0000000000	1.0000000000	4.000000	0.000000	0.000000	1	0
301	299	2800.0000000000	75.0000000000	2.3333330000	1.0000000000	4.000000	0.000000	0.000000	1	0
301	358	2800.0000000000	28.0000000000	1.0000000000	1.0000000000	4.000000	0.000000	0.000000	1	0
302	168	2800.0000000000	69.0000000000	4.6666670000	1.0000000000	4.000000	0.000000	0.000000	1	0
302	367	2400.0000000000	37.0000000000	0.6666670000	1.0000000000	4.000000	0.000000	0.000000	1	0
303	1	999999.0000000000	0.0000000000	0.0000000000	0.0000000000	4.000000	0.000000	0.000000	0	0
303	304	600.0000000000	100.0000000000	2.3333330000	1.0000000000	4.000000	0.000000	0.000000	1	0
304	1	999999.0000000000	0.0000000000	0.0000000000	0.0000000000	4.000000	0.000000	0.000000	0	0
304	307	600.0000000000	43.0000000000	1.0000000000	1.0000000000	4.000000	0.000000	0.000000	1	0
304	308	600.0000000000	192.0000000000	4.6666670000	1.0000000000	4.000000	0.000000	0.000000	1	0
304	310	600.0000000000	164.0000000000	4.0000000000	1.0000000000	4.000000	0.000000	0.000000	1	0
305	312	600.0000000000	97.0000000000	2.3333330000	1.0000000000	4.000000	0.000000	0.000000	1	0
306	1	999999.0000000000	0.0000000000	0.0000000000	0.0000000000	4.000000	0.000000	0.000000	0	0
306	303	600.0000000000	179.0000000000	4.3333330000	1.0000000000	4.000000	0.000000	0.000000	1	0
307	1	999999.0000000000	0.0000000000	0.0000000000	0.0000000000	4.000000	0.000000	0.000000	0	0
307	311	600.0000000000	114.0000000000	3.0000000000	1.0000000000	4.000000	0.000000	0.000000	1	0
308	305	600.0000000000	180.0000000000	4.6666670000	1.0000000000	4.000000	0.000000	0.000000	1	0
309	310	600.0000000000	176.0000000000	4.3333330000	1.0000000000	4.000000	0.000000	0.000000	1	0
310	304	600.0000000000	164.0000000000	4.0000000000	1.0000000000	4.000000	0.000000	0.000000	1	0
310	311	600.0000000000	387.0000000000	9.6666670000	1.0000000000	4.000000	0.000000	0.000000	1	0
310	313	600.0000000000	191.0000000000	4.6666670000	1.0000000000	4.000000	0.000000	0.000000	1	0
311	304	600.0000000000	157.0000000000	4.0000000000	1.0000000000	4.000000	0.000000	0.000000	1	0
311	309	600.0000000000	211.0000000000	5.3333330000	1.0000000000	4.000000	0.000000	0.000000	1	0
312	21	999999.0000000000	0.0000000000	0.0000000000	0.0000000000	4.000000	0.000000	0.000000	0	0
312	290	2400.0000000000	261.0000000000	16.0000000000	1.0000000000	4.000000	0.000000	0.000000	1	0
312	306	600.0000000000	190.0000000000	4.6666670000	1.0000000000	4.000000	0.000000	0.000000	1	0
312	375	2400.0000000000	234.0000000000	8.0000000000	1.0000000000	4.000000	0.000000	0.000000	1	0
313	375	600.0000000000	226.0000000000	5.6666670000	1.0000000000	4.000000	0.000000	0.000000	1	0
314	139	2800.0000000000	128.0000000000	4.3333330000	1.0000000000	4.000000	0.000000	0.000000	1	0
314	315	2800.0000000000	168.0000000000	10.3333330000	1.0000000000	4.000000	0.000000	0.000000	1	0
314	319	2400.0000000000	104.0000000000	2.6666670000	1.0000000000	4.000000	0.000000	0.000000	1	0
314	320	2400.0000000000	96.0000000000	4.6666670000	1.0000000000	4.000000	0.000000	0.000000	1	0
315	25	999999.0000000000	0.0000000000	0.0000000000	0.0000000000	4.000000	0.000000	0.000000	0	0
315	314	2800.0000000000	168.0000000000	8.3333330000	1.0000000000	4.000000	0.000000	0.000000	1	0
315	316	600.0000000000	107.0000000000	4.0000000000	1.0000000000	4.000000	0.000000	0.000000	1	0
315	321	600.0000000000	103.0000000000	4.0000000000	1.0000000000	4.000000	0.000000	0.000000	1	0
315	331	2800.0000000000	219.0000000000	22.6666670000	1.0000000000	4.000000	0.000000	0.000000	1	0
316	315	600.0000000000	107.0000000000	2.6666670000	1.0000000000	4.000000	0.000000	0.000000	1	0
316	319	600.0000000000	117.0000000000	4.0000000000	1.0000000000	4.000000	0.000000	0.000000	1	0
316	326	600.0000000000	121.0000000000	3.0000000000	1.0000000000	4.000000	0.000000	0.000000	1	0
317	16	999999.0000000000	0.0000000000	0.0000000000	0.0000000000	4.000000	0.000000	0.000000	0	0
317	24	999999.0000000000	0.0000000000	0.0000000000	0.0000000000	4.000000	0.000000	0.000000	0	0
317	383	900.0000000000	153.0000000000	3.6666670000	1.0000000000	4.000000	0.000000	0.000000	1	0
318	143	2400.0000000000	29.0000000000	0.6666670000	1.0000000000	4.000000	0.000000	0.000000	1	0
318	319	2400.0000000000	161.0000000000	13.3333330000	1.0000000000	4.000000	0.000000	0.000000	1	0
318	326	600.0000000000	86.0000000000	2.0000000000	1.0000000000	4.000000	0.000000	0.000000	1	0
319	138	600.0000000000	128.0000000000	6.0000000000	1.0000000000	4.000000	0.000000	0.000000	1	0
319	314	2400.0000000000	104.0000000000	6.0000000000	1.0000000000	4.000000	0.000000	0.000000	1	0
319	318	2400.0000000000	161.0000000000	4.0000000000	1.0000000000	4.000000	0.000000	0.000000	1	0
320	314	2400.0000000000	96.0000000000	5.0000000000	1.0000000000	4.000000	0.000000	0.000000	1	0
320	339	2400.0000000000	190.0000000000	9.3333330000	1.0000000000	4.000000	0.000000	0.000000	1	0
321	341	600.0000000000	98.0000000000	4.6666670000	1.0000000000	4.000000	0.000000	0.000000	1	0
322	336	900.0000000000	83.0000000000	2.6666670000	1.0000000000	4.000000	0.000000	0.000000	1	0
323	327	2400.0000000000	144.0000000000	11.0000000000	1.0000000000	4.000000	0.000000	0.000000	1	0
323	345	2400.0000000000	128.0000000000	3.3333330000	1.0000000000	4.000000	0.000000	0.000000	1	0
323	381	2400.0000000000	29.0000000000	1.0000000000	1.0000000000	4.000000	0.000000	0.000000	1	0
324	337	2800.0000000000	64.0000000000	2.3333330000	1.0000000000	4.000000	0.000000	0.000000	1	0
325	322	900.0000000000	154.0000000000	7.0000000000	1.0000000000	4.000000	0.000000	0.000000	1	0
325	324	2800.0000000000	129.0000000000	8.0000000000	1.0000000000	4.000000	0.000000	0.000000	1	0
325	331	2800.0000000000	520.0000000000	25.0000000000	1.0000000000	4.000000	0.000000	0.000000	1	0
326	316	600.0000000000	121.0000000000	3.0000000000	1.0000000000	4.000000	0.000000	0.000000	1	0
326	318	600.0000000000	86.0000000000	2.0000000000	1.0000000000	4.000000	0.000000	0.000000	1	0
327	26	999999.0000000000	0.0000000000	0.0000000000	0.0000000000	4.000000	0.000000	0.000000	0	0
327	323	2400.0000000000	144.0000000000	12.3333330000	1.0000000000	4.000000	0.000000	0.000000	1	0
327	328	900.0000000000	47.0000000000	1.3333330000	1.0000000000	4.000000	0.000000	0.000000	1	0
327	332	2400.0000000000	422.0000000000	15.6666670000	1.0000000000	4.000000	0.000000	0.000000	1	0
327	346	600.0000000000	203.0000000000	7.3333330000	1.0000000000	4.000000	0.000000	0.000000	1	0
328	26	999999.0000000000	0.0000000000	0.0000000000	0.0000000000	4.000000	0.000000	0.000000	0	0
329	330	900.0000000000	17.0000000000	0.3333330000	1.0000000000	4.000000	0.000000	0.000000	1	0
330	329	900.0000000000	17.0000000000	1.3333330000	1.0000000000	4.000000	0.000000	0.000000	1	0
330	333	900.0000000000	109.0000000000	4.6666670000	1.0000000000	4.000000	0.000000	0.000000	1	0
330	334	900.0000000000	436.0000000000	11.0000000000	1.0000000000	4.000000	0.000000	0.000000	1	0
331	25	999999.0000000000	0.0000000000	0.0000000000	0.0000000000	4.000000	0.000000	0.000000	0	0
331	325	2800.0000000000	520.0000000000	41.0000000000	1.0000000000	4.000000	0.000000	0.000000	1	0
331	327	2400.0000000000	599.0000000000	28.6666670000	1.0000000000	4.000000	0.000000	0.000000	1	0
331	334	900.0000000000	298.0000000000	13.3333330000	1.0000000000	4.000000	0.000000	0.000000	1	0
332	25	999999.0000000000	0.0000000000	0.0000000000	0.0000000000	4.000000	0.000000	0.000000	0	0
332	26	999999.0000000000	0.0000000000	0.0000000000	0.0000000000	4.000000	0.000000	0.000000	0	0
332	331	2400.0000000000	177.0000000000	18.3333330000	1.0000000000	4.000000	0.000000	0.000000	1	0
333	325	900.0000000000	236.0000000000	16.6666670000	1.0000000000	4.000000	0.000000	0.000000	1	0
333	336	900.0000000000	14.0000000000	0.3333330000	1.0000000000	4.000000	0.000000	0.000000	1	0
334	25	999999.0000000000	0.0000000000	0.0000000000	0.0000000000	4.000000	0.000000	0.000000	0	0
334	143	900.0000000000	324.0000000000	13.0000000000	1.0000000000	4.000000	0.000000	0.000000	1	0
334	330	900.0000000000	436.0000000000	11.0000000000	1.0000000000	4.000000	0.000000	0.000000	1	0
334	331	900.0000000000	298.0000000000	40.3333330000	1.0000000000	4.000000	0.000000	0.000000	1	0
335	26	999999.0000000000	0.0000000000	0.0000000000	0.0000000000	4.000000	0.000000	0.000000	0	0
335	327	900.0000000000	279.0000000000	18.0000000000	1.0000000000	4.000000	0.000000	0.000000	1	0
335	337	900.0000000000	374.0000000000	18.6666670000	1.0000000000	4.000000	0.000000	0.000000	1	0
335	338	900.0000000000	170.0000000000	13.6666670000	1.0000000000	4.000000	0.000000	0.000000	1	0
336	329	900.0000000000	99.0000000000	4.0000000000	1.0000000000	4.000000	0.000000	0.000000	1	0
336	333	900.0000000000	14.0000000000	0.3333330000	1.0000000000	4.000000	0.000000	0.000000	1	0
337	335	900.0000000000	374.0000000000	13.3333330000	1.0000000000	4.000000	0.000000	0.000000	1	0
338	335	900.0000000000	170.0000000000	11.3333330000	1.0000000000	4.000000	0.000000	0.000000	1	0
338	380	900.0000000000	16.0000000000	2.0000000000	1.0000000000	4.000000	0.000000	0.000000	1	0
339	99	2400.0000000000	100.0000000000	5.6666670000	1.0000000000	4.000000	0.000000	0.000000	1	0
340	342	600.0000000000	87.0000000000	3.6666670000	1.0000000000	4.000000	0.000000	0.000000	1	0
341	315	600.0000000000	201.0000000000	17.6666670000	1.0000000000	4.000000	0.000000	0.000000	1	0
341	342	600.0000000000	6.0000000000	0.3333330000	1.0000000000	4.000000	0.000000	0.000000	1	0
342	341	600.0000000000	6.0000000000	0.3333330000	1.0000000000	4.000000	0.000000	0.000000	1	0
342	347	600.0000000000	187.0000000000	6.6666670000	1.0000000000	4.000000	0.000000	0.000000	1	0
343	100	600.0000000000	201.0000000000	10.0000000000	1.0000000000	4.000000	0.000000	0.000000	1	0
343	340	600.0000000000	100.0000000000	8.3333330000	1.0000000000	4.000000	0.000000	0.000000	1	0
343	344	600.0000000000	94.0000000000	14.3333330000	1.0000000000	4.000000	0.000000	0.000000	1	0
344	83	600.0000000000	198.0000000000	11.3333330000	1.0000000000	4.000000	0.000000	0.000000	1	0
344	86	600.0000000000	137.0000000000	8.3333330000	1.0000000000	4.000000	0.000000	0.000000	1	0
344	343	600.0000000000	94.0000000000	4.0000000000	1.0000000000	4.000000	0.000000	0.000000	1	0
345	93	2400.0000000000	84.0000000000	3.6666670000	1.0000000000	4.000000	0.000000	0.000000	1	0
345	384	2400.0000000000	32.0000000000	0.6666670000	1.0000000000	4.000000	0.000000	0.000000	1	0
346	344	600.0000000000	114.0000000000	8.3333330000	1.0000000000	4.000000	0.000000	0.000000	1	0
347	343	600.0000000000	100.0000000000	5.6666670000	1.0000000000	4.000000	0.000000	0.000000	1	0
348	349	900.0000000000	23.0000000000	0.6666670000	1.0000000000	4.000000	0.000000	0.000000	1	0
351	282	2800.0000000000	293.0000000000	8.3333330000	1.0000000000	4.000000	0.000000	0.000000	1	0
352	5	999999.0000000000	0.0000000000	0.0000000000	0.0000000000	4.000000	0.000000	0.000000	0	0
352	353	2400.0000000000	74.0000000000	6.0000000000	1.0000000000	4.000000	0.000000	0.000000	1	0
353	5	999999.0000000000	0.0000000000	0.0000000000	0.0000000000	4.000000	0.000000	0.000000	0	0
353	79	2400.0000000000	384.0000000000	19.3333330000	1.0000000000	4.000000	0.000000	0.000000	1	0
353	254	900.0000000000	219.0000000000	11.3333330000	1.0000000000	4.000000	0.000000	0.000000	1	0
353	292	2400.0000000000	236.0000000000	8.6666670000	1.0000000000	4.000000	0.000000	0.000000	1	0
354	36	999999.0000000000	0.0000000000	0.0000000000	0.0000000000	4.000000	0.000000	0.000000	0	0
354	244	900.0000000000	113.0000000000	14.3333330000	1.0000000000	4.000000	0.000000	0.000000	1	0
354	355	900.0000000000	72.0000000000	2.3333330000	1.0000000000	4.000000	0.000000	0.000000	1	0
355	354	900.0000000000	72.0000000000	3.0000000000	1.0000000000	4.000000	0.000000	0.000000	1	0
355	356	900.0000000000	17.0000000000	0.6666670000	1.0000000000	4.000000	0.000000	0.000000	1	0
356	242	900.0000000000	269.0000000000	26.0000000000	1.0000000000	4.000000	0.000000	0.000000	1	0
357	19	999999.0000000000	0.0000000000	0.0000000000	0.0000000000	4.000000	0.000000	0.000000	0	0
357	244	900.0000000000	165.0000000000	8.3333330000	1.0000000000	4.000000	0.000000	0.000000	1	0
358	366	2800.0000000000	30.0000000000	1.6666670000	1.0000000000	4.000000	0.000000	0.000000	1	0
358	371	2400.0000000000	184.0000000000	5.0000000000	1.0000000000	4.000000	0.000000	0.000000	1	0
359	8	999999.0000000000	0.0000000000	0.0000000000	0.0000000000	4.000000	0.000000	0.000000	0	0
359	296	900.0000000000	231.0000000000	15.6666670000	1.0000000000	4.000000	0.000000	0.000000	1	0
359	361	900.0000000000	10.0000000000	0.3333330000	1.0000000000	4.000000	0.000000	0.000000	1	0
360	8	999999.0000000000	0.0000000000	0.0000000000	0.0000000000	4.000000	0.000000	0.000000	0	0
360	359	900.0000000000	192.0000000000	7.6666670000	1.0000000000	4.000000	0.000000	0.000000	1	0
361	8	999999.0000000000	0.0000000000	0.0000000000	0.0000000000	4.000000	0.000000	0.000000	0	0
361	197	900.0000000000	274.0000000000	18.3333330000	1.0000000000	4.000000	0.000000	0.000000	1	0
362	9	999999.0000000000	0.0000000000	0.0000000000	0.0000000000	4.000000	0.000000	0.000000	0	0
362	358	2400.0000000000	239.0000000000	8.0000000000	1.0000000000	4.000000	0.000000	0.000000	1	0
363	364	900.0000000000	118.0000000000	4.0000000000	1.0000000000	4.000000	0.000000	0.000000	1	0
364	8	999999.0000000000	0.0000000000	0.0000000000	0.0000000000	4.000000	0.000000	0.000000	0	0
364	359	900.0000000000	111.0000000000	4.0000000000	1.0000000000	4.000000	0.000000	0.000000	1	0
365	366	2400.0000000000	220.0000000000	17.0000000000	1.0000000000	4.000000	0.000000	0.000000	1	0
366	300	2800.0000000000	23.0000000000	1.6666670000	1.0000000000	4.000000	0.000000	0.000000	1	0
366	370	2800.0000000000	107.0000000000	4.3333330000	1.0000000000	4.000000	0.000000	0.000000	1	0
367	302	2400.0000000000	37.0000000000	0.6666670000	1.0000000000	4.000000	0.000000	0.000000	1	0
367	362	2400.0000000000	29.0000000000	1.0000000000	1.0000000000	4.000000	0.000000	0.000000	1	0
368	365	2400.0000000000	75.0000000000	2.0000000000	1.0000000000	4.000000	0.000000	0.000000	1	0
369	368	2400.0000000000	15.0000000000	1.0000000000	1.0000000000	4.000000	0.000000	0.000000	1	0
370	296	900.0000000000	37.0000000000	2.0000000000	1.0000000000	4.000000	0.000000	0.000000	1	0
370	360	900.0000000000	44.0000000000	2.3333330000	1.0000000000	4.000000	0.000000	0.000000	1	0
371	131	2400.0000000000	145.0000000000	11.3333330000	1.0000000000	4.000000	0.000000	0.000000	1	0
372	21	999999.0000000000	0.0000000000	0.0000000000	0.0000000000	4.000000	0.000000	0.000000	0	0
372	37	2400.0000000000	64.0000000000	2.6666670000	1.0000000000	4.000000	0.000000	0.000000	1	0
373	21	999999.0000000000	0.0000000000	0.0000000000	0.0000000000	4.000000	0.000000	0.000000	0	0
373	372	2400.0000000000	55.0000000000	2.0000000000	1.0000000000	4.000000	0.000000	0.000000	1	0
374	290	900.0000000000	78.0000000000	9.3333330000	1.0000000000	4.000000	0.000000	0.000000	1	0
375	21	999999.0000000000	0.0000000000	0.0000000000	0.0000000000	4.000000	0.000000	0.000000	0	0
375	310	600.0000000000	417.0000000000	10.3333330000	1.0000000000	4.000000	0.000000	0.000000	1	0
375	312	2400.0000000000	234.0000000000	8.3333330000	1.0000000000	4.000000	0.000000	0.000000	1	0
375	373	2400.0000000000	23.0000000000	1.3333330000	1.0000000000	4.000000	0.000000	0.000000	1	0
376	377	900.0000000000	134.0000000000	4.0000000000	1.0000000000	4.000000	0.000000	0.000000	1	0
377	287	600.0000000000	358.0000000000	18.6666670000	1.0000000000	4.000000	0.000000	0.000000	1	0
377	357	900.0000000000	262.0000000000	9.3333330000	1.0000000000	4.000000	0.000000	0.000000	1	0
377	374	900.0000000000	119.0000000000	5.6666670000	1.0000000000	4.000000	0.000000	0.000000	1	0
378	382	600.0000000000	166.0000000000	4.0000000000	1.0000000000	4.000000	0.000000	0.000000	1	0
379	24	999999.0000000000	0.0000000000	0.0000000000	0.0000000000	4.000000	0.000000	0.000000	0	0
379	246	900.0000000000	400.0000000000	10.3333330000	1.0000000000	4.000000	0.000000	0.000000	1	0
380	338	900.0000000000	16.0000000000	0.6666670000	1.0000000000	4.000000	0.000000	0.000000	1	0
380	382	900.0000000000	175.0000000000	12.6666670000	1.0000000000	4.000000	0.000000	0.000000	1	0
381	323	2400.0000000000	29.0000000000	1.3333330000	1.0000000000	4.000000	0.000000	0.000000	1	0
381	383	900.0000000000	165.0000000000	4.0000000000	1.0000000000	4.000000	0.000000	0.000000	1	0
382	380	900.0000000000	175.0000000000	8.6666670000	1.0000000000	4.000000	0.000000	0.000000	1	0
383	24	999999.0000000000	0.0000000000	0.0000000000	0.0000000000	4.000000	0.000000	0.000000	0	0
383	379	900.0000000000	85.0000000000	2.0000000000	1.0000000000	4.000000	0.000000	0.000000	1	0
383	381	900.0000000000	165.0000000000	4.0000000000	1.0000000000	4.000000	0.000000	0.000000	1	0
383	382	900.0000000000	226.0000000000	14.0000000000	1.0000000000	4.000000	0.000000	0.000000	1	0
384	345	2400.0000000000	32.0000000000	2.3333330000	1.0000000000	4.000000	0.000000	0.000000	1	0
384	381	2400.0000000000	130.0000000000	10.0000000000	1.0000000000	4.000000	0.000000	0.000000	1	0
385	24	999999.0000000000	0.0000000000	0.0000000000	0.0000000000	4.000000	0.000000	0.000000	0	0
385	383	600.0000000000	219.0000000000	7.3333330000	1.0000000000	4.000000	0.000000	0.000000	1	0
386	389	2800.0000000000	236.0000000000	5.6666670000	1.0000000000	4.000000	0.000000	0.000000	1	0
387	388	2400.0000000000	50.0000000000	1.0000000000	1.0000000000	4.000000	0.000000	0.000000	1	0
389	30	999999.0000000000	0.0000000000	0.0000000000	0.0000000000	4.000000	0.000000	0.000000	0	0
389	186	2800.0000000000	22.0000000000	0.6666670000	1.0000000000	4.000000	0.000000	0.000000	1	0
390	33	999999.0000000000	0.0000000000	0.0000000000	0.0000000000	4.000000	0.000000	0.000000	0	0
390	268	2400.0000000000	400.0000000000	12.6666670000	1.0000000000	4.000000	0.000000	0.000000	1	0
391	325	2800.0000000000	22.0000000000	3.0000000000	1.0000000000	4.000000	0.000000	0.000000	1	0
392	41	600.0000000000	193.0000000000	4.6666670000	1.0000000000	4.000000	0.000000	0.000000	1	0
393	162	2800.0000000000	45.0000000000	3.3333330000	1.0000000000	4.000000	0.000000	0.000000	1	0
394	160	2800.0000000000	590.0000000000	15.3333330000	1.0000000000	4.000000	0.000000	0.000000	1	0
395	111	900.0000000000	277.0000000000	15.6666670000	1.0000000000	4.000000	0.000000	0.000000	1	0
397	249	900.0000000000	70.0000000000	3.0000000000	1.0000000000	4.000000	0.000000	0.000000	1	0
397	256	900.0000000000	102.0000000000	7.0000000000	1.0000000000	4.000000	0.000000	0.000000	1	0
398	13	999999.0000000000	0.0000000000	0.0000000000	0.0000000000	4.000000	0.000000	0.000000	0	0
398	63	900.0000000000	222.0000000000	7.0000000000	1.0000000000	4.000000	0.000000	0.000000	1	0
192	191	2400.0000000000	172.0000000000	4.6666670000	1.0000000000	4.000000	0.000000	0.000000	1	4984
67	45	2800.0000000000	22.0000000000	0.6666670000	1.0000000000	4.000000	0.000000	0.000000	1	905
295	223	2400.0000000000	25.0000000000	1.0000000000	1.0000000000	4.000000	0.000000	0.000000	1	1146
7	51	999999.0000000000	0.0000000000	0.0000000000	0.0000000000	4.000000	0.000000	0.000000	0	95643
53	50	2800.0000000000	114.0000000000	3.3333330000	1.0000000000	4.000000	0.000000	0.000000	1	4147
49	48	2800.0000000000	43.0000000000	5.3333330000	1.0000000000	4.000000	0.000000	0.000000	1	4580
349	203	900.0000000000	180.0000000000	7.0000000000	1.0000000000	4.000000	0.000000	0.000000	1	7266
20	221	999999.0000000000	0.0000000000	0.0000000000	0.0000000000	4.000000	0.000000	0.000000	0	97851
81	79	2400.0000000000	90.0000000000	11.3333330000	1.0000000000	4.000000	0.000000	0.000000	1	13059
51	54	2400.0000000000	30.0000000000	1.0000000000	1.0000000000	4.000000	0.000000	0.000000	1	1302
286	288	2800.0000000000	12.0000000000	0.6666670000	1.0000000000	4.000000	0.000000	0.000000	1	1066
234	263	2800.0000000000	41.0000000000	4.6666670000	1.0000000000	4.000000	0.000000	0.000000	1	4862
75	16	999999.0000000000	0.0000000000	0.0000000000	0.0000000000	4.000000	0.000000	0.000000	0	114339
331	315	2800.0000000000	219.0000000000	11.3333330000	1.0000000000	4.000000	0.000000	0.000000	1	11149
90	34	999999.0000000000	0.0000000000	0.0000000000	0.0000000000	4.000000	0.000000	0.000000	0	83455
51	7	999999.0000000000	0.0000000000	0.0000000000	0.0000000000	4.000000	0.000000	0.000000	0	112056
111	133	900.0000000000	274.0000000000	16.0000000000	1.0000000000	4.000000	0.000000	0.000000	1	17463
1	304	999999.0000000000	0.0000000000	0.0000000000	0.0000000000	4.000000	0.000000	0.000000	0	96007
12	120	999999.0000000000	0.0000000000	0.0000000000	0.0000000000	4.000000	0.000000	0.000000	0	86187
200	199	2400.0000000000	112.0000000000	2.6666670000	1.0000000000	4.000000	0.000000	0.000000	1	2578
